100 1478
1 5
1 6
7 1
1 8
1 11
1 13
1 14
1 16
1 24
30 1
31 1
1 32
1 35
1 37
38 1
43 1
1 48
1 51
56 1
1 60
1 65
1 67
1 69
1 71
73 1
1 74
79 1
80 1
83 1
92 1
1 94
1 95
98 1
7 2
9 2
2 11
13 2
17 2
19 2
20 2
23 2
2 24
2 28
30 2
31 2
2 34
2 37
2 39
2 59
60 2
64 2
67 2
2 70
2 71
2 77
78 2
79 2
2 81
82 2
2 83
92 2
93 2
95 2
3 4
6 3
3 8
15 3
16 3
20 3
21 3
22 3
23 3
27 3
3 32
33 3
3 42
3 50
3 61
62 3
74 3
79 3
3 81
84 3
3 85
89 3
90 3
95 3
3 96
3 97
98 3
4 5
4 9
4 19
4 22
4 23
4 29
4 30
4 31
4 32
39 4
40 4
4 41
4 44
4 46
47 4
49 4
4 50
51 4
4 55
56 4
60 4
63 4
4 66
67 4
4 76
4 77
78 4
4 79
4 80
85 4
4 92
4 95
5 11
16 5
5 18
30 5
5 32
34 5
5 37
5 39
43 5
5 44
45 5
5 46
5 56
5 59
65 5
66 5
68 5
5 69
5 70
71 5
5 72
73 5
5 75
77 5
78 5
5 87
90 5
5 91
94 5
96 5
5 97
6 7
6 12
6 14
16 6
17 6
6 19
28 6
29 6
6 36
38 6
46 6
6 47
48 6
52 6
6 54
6 55
56 6
6 59
6 61
6 64
69 6
71 6
6 73
76 6
79 6
82 6
83 6
88 6
89 6
6 90
6 93
95 6
6 100
9 7
7 10
11 7
16 7
7 18
20 7
24 7
7 30
7 32
7 33
45 7
47 7
7 52
7 55
56 7
7 57
7 71
73 7
75 7
77 7
80 7
81 7
7 83
85 7
90 7
7 98
9 8
10 8
11 8
8 16
18 8
19 8
8 22
8 23
27 8
8 28
29 8
8 31
8 35
8 38
39 8
8 42
8 44
8 46
49 8
8 50
51 8
56 8
8 66
67 8
73 8
8 75
8 76
77 8
8 80
8 82
87 8
89 8
8 98
100 8
9 11
13 9
9 16
9 17
19 9
9 20
9 22
9 25
31 9
34 9
43 9
9 44
9 45
9 50
9 57
9 58
9 61
9 66
70 9
72 9
76 9
78 9
80 9
81 9
9 84
85 9
9 90
9 91
96 9
9 100
14 10
16 10
17 10
22 10
24 10
10 25
10 27
29 10
30 10
36 10
41 10
10 44
47 10
48 10
10 49
10 52
10 62
72 10
10 75
10 77
10 79
10 80
81 10
83 10
10 84
89 10
10 93
10 95
10 99
12 11
13 11
11 14
19 11
24 11
11 25
11 27
34 11
11 41
42 11
11 48
50 11
11 52
11 53
54 11
60 11
11 61
11 68
11 73
74 11
11 78
79 11
11 82
84 11
11 85
86 11
11 88
11 89
11 90
11 93
96 11
98 11
99 11
11 100
12 14
15 12
18 12
19 12
20 12
23 12
25 12
26 12
28 12
30 12
12 35
42 12
48 12
52 12
12 53
12 57
12 58
59 12
12 64
72 12
76 12
12 77
79 12
85 12
12 92
96 12
99 12
13 15
18 13
19 13
30 13
32 13
13 33
35 13
36 13
38 13
13 40
13 47
13 52
13 53
13 56
13 58
13 65
13 76
13 77
13 79
84 13
88 13
89 13
13 90
13 92
13 93
13 95
100 13
15 14
14 16
14 17
27 14
28 14
14 33
34 14
41 14
14 42
14 43
14 48
14 49
14 50
14 57
14 67
14 68
14 71
14 73
14 81
82 14
84 14
14 85
89 14
92 14
14 94
14 95
15 16
22 15
15 27
31 15
15 34
15 38
15 39
15 46
15 47
48 15
15 50
15 51
15 52
15 53
61 15
66 15
15 76
15 80
82 15
85 15
86 15
87 15
15 92
97 15
15 99
15 100
16 23
26 16
27 16
16 28
31 16
16 35
16 36
16 38
48 16
16 52
16 53
16 60
62 16
16 66
16 67
16 69
16 71
76 16
16 82
16 87
90 16
16 91
16 92
16 95
96 16
20 17
21 17
17 23
17 29
17 36
17 39
17 42
17 43
17 48
49 17
17 52
56 17
17 67
68 17
78 17
17 80
81 17
86 17
89 17
17 90
17 93
17 95
17 97
98 17
18 21
23 18
18 25
18 30
18 33
18 40
43 18
44 18
18 49
53 18
18 60
63 18
66 18
18 69
72 18
18 82
18 85
86 18
18 88
18 93
97 18
18 98
18 99
19 21
19 25
19 27
28 19
19 29
33 19
19 35
48 19
19 49
54 19
55 19
58 19
19 64
19 67
69 19
71 19
72 19
77 19
82 19
19 85
19 87
90 19
19 91
93 19
94 19
98 19
99 19
22 20
25 20
30 20
32 20
36 20
20 39
20 50
20 51
20 55
20 58
59 20
20 61
63 20
64 20
20 70
71 20
89 20
92 20
20 93
94 20
99 20
22 21
21 23
21 28
21 29
30 21
21 32
39 21
41 21
21 44
46 21
47 21
21 49
51 21
52 21
58 21
61 21
62 21
21 65
21 68
21 69
72 21
81 21
21 82
21 84
21 92
99 21
23 22
22 26
22 40
51 22
54 22
56 22
59 22
62 22
65 22
67 22
71 22
22 75
77 22
22 79
80 22
22 87
22 88
22 89
90 22
22 94
95 22
22 96
98 22
99 22
23 24
25 23
23 26
23 28
23 30
31 23
23 38
23 39
23 41
48 23
23 50
23 53
23 54
23 58
23 59
23 66
70 23
23 72
23 76
77 23
80 23
23 81
23 83
23 87
88 23
23 98
29 24
24 30
31 24
35 24
24 36
24 37
24 45
48 24
53 24
56 24
24 59
70 24
24 78
88 24
92 24
93 24
24 97
27 25
35 25
38 25
39 25
46 25
48 25
49 25
50 25
25 55
25 60
61 25
63 25
25 67
72 25
25 73
74 25
77 25
78 25
25 79
25 80
25 81
25 85
25 86
25 90
94 25
27 26
29 26
31 26
26 35
26 36
48 26
26 49
50 26
52 26
54 26
26 61
62 26
26 65
26 68
69 26
26 70
26 79
26 80
86 26
90 26
26 91
98 26
26 99
27 28
33 27
27 35
27 37
38 27
27 39
27 41
49 27
27 60
27 67
74 27
27 78
80 27
27 87
95 27
27 98
28 30
28 32
28 34
28 35
28 36
28 39
28 40
28 43
44 28
28 49
28 51
53 28
54 28
59 28
28 62
67 28
28 73
74 28
78 28
85 28
86 28
88 28
29 31
29 37
38 29
29 40
46 29
29 47
50 29
29 56
61 29
67 29
29 71
76 29
29 77
29 85
29 87
88 29
29 89
93 29
29 94
30 32
37 30
30 40
43 30
50 30
53 30
54 30
57 30
30 59
61 30
72 30
78 30
79 30
30 81
30 83
30 90
30 91
92 30
97 30
32 31
35 31
36 31
39 31
41 31
43 31
31 52
55 31
57 31
31 59
31 61
31 62
31 69
31 72
73 31
31 76
79 31
80 31
82 31
31 86
87 31
31 88
92 31
95 31
31 96
100 31
32 33
32 34
36 32
41 32
32 42
43 32
47 32
50 32
54 32
32 55
63 32
75 32
76 32
32 78
32 79
32 80
32 89
91 32
39 33
33 44
45 33
49 33
50 33
52 33
55 33
63 33
64 33
70 33
33 78
86 33
93 33
96 33
34 35
40 34
47 34
51 34
52 34
54 34
34 55
34 61
34 63
64 34
69 34
77 34
80 34
85 34
90 34
34 94
34 99
37 35
35 43
45 35
35 46
50 35
51 35
52 35
54 35
64 35
65 35
66 35
35 68
35 70
35 81
82 35
83 35
35 84
35 85
35 88
97 35
35 100
38 36
36 40
42 36
43 36
46 36
47 36
49 36
36 55
56 36
61 36
63 36
69 36
74 36
75 36
76 36
36 77
36 83
36 86
36 88
36 96
36 97
37 38
37 39
41 37
37 44
37 51
37 60
37 63
64 37
69 37
37 72
37 73
37 74
77 37
80 37
81 37
37 82
37 83
37 84
37 86
90 37
95 37
96 37
100 37
38 39
38 40
48 38
50 38
55 38
38 60
63 38
65 38
38 77
86 38
38 89
90 38
91 38
38 92
38 93
38 96
38 100
39 45
49 39
39 52
39 55
65 39
39 66
39 72
77 39
79 39
80 39
39 81
39 83
39 87
90 39
95 39
97 39
40 42
48 40
40 51
54 40
56 40
40 60
40 63
40 64
40 65
40 72
73 40
75 40
40 76
78 40
82 40
88 40
93 40
41 47
49 41
50 41
41 58
59 41
41 61
41 64
69 41
41 70
71 41
74 41
83 41
41 89
90 41
91 41
41 93
41 96
41 97
98 41
100 41
44 42
42 46
42 49
42 54
55 42
42 64
70 42
42 72
42 73
74 42
81 42
82 42
89 42
42 95
42 100
49 43
51 43
54 43
56 43
61 43
66 43
43 68
70 43
79 43
81 43
82 43
84 43
94 43
43 96
100 43
44 57
44 63
68 44
44 70
44 77
44 78
44 79
83 44
90 44
44 95
97 44
44 99
48 45
45 51
58 45
45 60
45 64
45 67
45 70
45 74
45 75
80 45
82 45
84 45
90 45
93 45
45 95
49 46
56 46
46 58
63 46
46 65
46 67
69 46
46 70
46 74
78 46
80 46
46 87
46 92
46 93
46 94
48 47
47 49
50 47
47 54
47 56
60 47
72 47
47 78
86 47
87 47
47 96
98 47
49 48
48 77
81 48
82 48
48 85
92 48
93 48
48 95
99 48
49 50
49 51
54 49
60 49
61 49
49 62
71 49
49 72
83 49
86 49
95 49
49 96
97 49
50 51
52 50
53 50
54 50
56 50
50 57
66 50
67 50
70 50
50 72
50 79
84 50
90 50
50 91
97 50
99 50
54 51
51 57
64 51
51 65
66 51
51 67
51 68
51 69
70 51
71 51
51 73
51 80
89 51
96 51
98 51
53 52
58 52
52 60
62 52
64 52
52 73
76 52
52 77
80 52
88 52
90 52
52 93
96 52
52 97
52 99
53 58
63 53
53 72
75 53
77 53
53 79
82 53
84 53
53 86
53 87
89 53
94 53
53 95
54 58
54 59
54 61
65 54
68 54
54 69
54 74
54 80
54 83
93 54
54 97
55 60
64 55
55 67
68 55
55 75
55 86
87 55
88 55
55 89
94 55
95 55
98 55
100 55
56 58
56 62
63 56
56 65
70 56
71 56
72 56
56 73
77 56
56 78
79 56
56 83
84 56
56 87
89 56
90 56
56 93
56 94
56 95
99 56
57 62
57 66
57 68
57 73
57 77
57 78
57 83
57 84
95 57
59 58
60 58
64 58
65 58
58 73
74 58
88 58
58 89
58 90
58 92
93 58
94 58
95 58
58 98
58 99
100 58
59 62
66 59
71 59
59 73
74 59
81 59
59 83
59 84
59 87
59 88
59 91
59 93
61 60
68 60
79 60
84 60
60 88
94 60
60 97
98 60
99 60
70 61
73 61
76 61
78 61
61 83
87 61
88 61
61 91
61 94
61 95
61 97
61 99
62 69
73 62
75 62
62 76
86 62
62 87
62 90
62 92
93 62
97 62
98 62
62 100
63 65
63 73
74 63
76 63
78 63
81 63
63 83
63 86
64 69
70 64
72 64
73 64
78 64
64 79
64 80
64 87
88 64
91 64
64 94
95 64
64 99
80 65
99 65
68 66
66 71
66 72
66 74
66 81
66 82
86 66
87 66
89 66
93 66
66 96
71 67
72 67
67 80
81 67
82 67
67 88
90 67
98 67
100 67
73 68
68 74
75 68
80 68
81 68
84 68
87 68
88 68
97 68
68 98
100 68
69 71
69 79
81 69
83 69
93 69
69 96
69 97
74 70
85 70
88 70
70 91
70 93
97 70
76 71
77 71
81 71
85 71
71 89
71 91
71 92
71 93
71 94
95 71
97 71
100 71
72 74
72 79
72 81
83 72
88 72
90 72
91 72
72 92
93 72
94 72
72 96
99 72
76 73
80 73
73 83
86 73
73 88
89 73
73 91
73 98
78 74
81 74
74 89
90 74
75 79
75 80
75 88
92 75
75 93
75 95
75 98
76 81
82 76
76 83
85 76
76 87
76 90
76 94
76 100
77 78
77 79
77 82
85 77
77 88
77 91
77 93
95 77
77 96
77 97
99 77
80 78
78 83
78 88
92 78
78 93
94 78
95 78
78 100
79 81
79 85
79 87
79 88
79 89
79 90
91 79
93 79
79 94
79 97
100 79
82 80
87 80
94 80
95 80
80 98
81 82
81 87
89 81
91 81
94 81
95 81
81 96
82 83
88 82
89 82
91 82
93 82
89 83
93 83
94 83
99 83
100 83
84 87
92 84
94 84
98 84
85 86
85 87
88 85
93 85
94 85
85 96
85 99
98 86
87 91
87 92
96 87
88 90
91 88
88 92
95 88
89 95
89 96
100 89
91 90
92 90
93 90
90 96
92 91
94 91
96 91
97 91
91 99
94 92
96 92
95 93
97 93
98 96
100 99
