200 5880
5 1
1 13
14 1
1 17
1 24
27 1
35 1
40 1
1 41
42 1
1 44
1 52
53 1
55 1
1 59
1 64
1 65
68 1
1 75
1 77
1 84
1 87
91 1
92 1
1 93
1 95
98 1
1 104
1 105
108 1
109 1
1 111
115 1
1 119
122 1
1 125
1 127
129 1
1 130
131 1
1 134
1 139
1 141
142 1
1 144
146 1
1 147
152 1
1 153
154 1
1 156
1 160
1 169
1 171
173 1
174 1
176 1
179 1
1 181
182 1
183 1
184 1
1 185
1 190
3 2
4 2
2 5
2 6
2 15
2 19
2 22
2 24
2 28
33 2
35 2
2 39
2 42
44 2
46 2
2 69
73 2
2 76
2 78
2 79
81 2
82 2
2 88
2 89
2 93
99 2
103 2
104 2
108 2
2 111
2 117
2 122
2 130
131 2
2 137
2 139
143 2
2 144
2 148
2 151
159 2
164 2
2 165
167 2
2 170
173 2
2 176
178 2
2 179
2 185
2 188
2 190
2 191
196 2
2 200
11 3
3 13
15 3
3 18
3 19
3 29
3 44
3 46
3 52
3 54
55 3
3 57
63 3
3 67
3 68
3 69
70 3
3 71
3 75
77 3
3 80
3 81
91 3
3 105
106 3
108 3
3 109
3 112
114 3
122 3
3 126
127 3
3 128
3 129
130 3
131 3
3 132
134 3
3 140
142 3
3 147
3 152
154 3
155 3
3 157
162 3
3 163
3 165
173 3
177 3
179 3
3 182
3 185
3 189
4 5
4 7
4 11
4 12
14 4
15 4
17 4
4 18
22 4
26 4
28 4
4 32
33 4
4 34
38 4
44 4
4 46
53 4
58 4
4 59
61 4
4 62
63 4
68 4
4 74
4 75
80 4
4 84
4 86
4 89
92 4
4 95
97 4
112 4
113 4
4 114
4 117
118 4
4 122
125 4
129 4
4 132
4 133
134 4
138 4
147 4
153 4
156 4
163 4
167 4
169 4
171 4
177 4
4 178
4 180
181 4
4 187
191 4
194 4
5 9
5 11
5 16
20 5
21 5
22 5
29 5
5 31
5 32
34 5
48 5
49 5
5 50
5 54
65 5
5 66
77 5
80 5
5 81
5 90
91 5
5 99
5 100
102 5
5 106
110 5
5 112
5 116
119 5
120 5
5 122
124 5
126 5
5 128
5 136
139 5
143 5
5 148
149 5
5 155
157 5
158 5
159 5
5 170
5 171
173 5
5 174
176 5
5 177
5 178
5 182
185 5
5 187
192 5
5 195
6 8
21 6
6 23
26 6
31 6
6 42
47 6
6 48
55 6
60 6
61 6
64 6
6 75
76 6
78 6
88 6
6 89
91 6
95 6
103 6
108 6
6 109
115 6
6 116
6 117
6 124
6 129
131 6
6 133
6 136
138 6
139 6
146 6
6 150
6 154
155 6
6 156
157 6
162 6
6 173
6 174
6 175
186 6
190 6
192 6
6 193
6 195
197 6
6 200
7 12
14 7
7 17
7 28
29 7
7 31
38 7
40 7
44 7
7 49
62 7
71 7
72 7
7 75
78 7
79 7
7 84
7 86
89 7
90 7
92 7
7 95
99 7
104 7
7 109
118 7
7 121
7 123
7 126
127 7
7 132
7 136
138 7
139 7
143 7
7 146
7 151
7 152
156 7
7 159
166 7
167 7
168 7
169 7
7 173
7 175
7 181
7 183
7 195
7 199
8 12
13 8
8 15
16 8
19 8
22 8
25 8
26 8
8 28
8 37
38 8
8 39
43 8
8 44
8 45
53 8
8 55
62 8
69 8
70 8
75 8
8 80
82 8
8 88
91 8
95 8
98 8
8 100
101 8
8 104
111 8
112 8
8 113
8 114
115 8
8 117
122 8
8 123
125 8
132 8
8 134
136 8
141 8
8 142
8 143
8 146
153 8
154 8
158 8
8 169
174 8
175 8
177 8
193 8
8 194
9 10
9 11
9 16
9 18
9 22
23 9
25 9
29 9
34 9
9 36
38 9
9 46
9 52
9 57
9 59
9 60
61 9
9 64
69 9
9 70
71 9
72 9
9 77
9 81
9 82
84 9
9 89
9 91
96 9
98 9
99 9
100 9
9 109
9 114
9 122
133 9
135 9
147 9
9 151
9 152
9 154
156 9
9 160
9 165
171 9
9 175
9 176
184 9
9 185
187 9
9 189
9 193
195 9
199 9
10 11
14 10
15 10
21 10
10 29
10 31
10 33
34 10
36 10
10 37
10 40
10 41
10 42
43 10
45 10
51 10
10 55
57 10
58 10
10 60
62 10
64 10
10 68
10 70
73 10
74 10
10 76
80 10
10 86
90 10
10 91
93 10
98 10
99 10
104 10
109 10
129 10
10 130
10 140
10 141
10 142
10 150
152 10
160 10
162 10
10 165
10 166
168 10
10 173
174 10
10 178
180 10
10 182
10 184
187 10
188 10
191 10
192 10
194 10
10 195
197 10
200 10
11 15
20 11
22 11
11 24
11 26
30 11
32 11
11 39
11 40
41 11
11 45
46 11
56 11
57 11
11 58
62 11
67 11
11 69
74 11
11 75
80 11
11 87
11 101
107 11
110 11
113 11
11 120
11 124
128 11
11 130
134 11
11 141
11 142
11 143
146 11
11 148
11 158
11 159
160 11
11 161
11 169
173 11
177 11
11 179
182 11
11 183
11 189
192 11
193 11
11 194
195 11
197 11
199 11
15 12
17 12
19 12
12 21
12 23
12 26
31 12
12 32
12 34
36 12
38 12
52 12
56 12
12 57
12 61
12 62
12 63
67 12
12 70
12 76
78 12
12 82
83 12
12 87
92 12
12 94
95 12
96 12
104 12
105 12
108 12
110 12
126 12
12 136
12 138
12 139
141 12
145 12
151 12
156 12
12 161
12 166
167 12
12 169
12 170
12 178
12 179
12 180
12 187
188 12
191 12
12 193
194 12
12 197
12 198
12 199
13 17
20 13
13 24
13 27
13 31
32 13
13 34
13 45
49 13
13 54
60 13
13 71
13 73
75 13
13 77
81 13
88 13
13 91
94 13
13 97
13 102
105 13
107 13
13 112
116 13
13 117
120 13
13 121
127 13
128 13
133 13
136 13
145 13
146 13
148 13
13 151
13 159
13 161
163 13
13 164
13 172
13 174
13 175
13 176
13 177
179 13
183 13
185 13
186 13
190 13
13 191
13 195
13 198
14 16
14 21
28 14
14 35
36 14
14 38
14 39
41 14
54 14
58 14
14 66
73 14
74 14
81 14
14 99
101 14
14 103
14 104
14 108
115 14
120 14
125 14
126 14
127 14
131 14
136 14
146 14
148 14
153 14
156 14
157 14
158 14
14 164
165 14
14 166
14 173
176 14
178 14
14 182
14 185
14 187
14 194
14 198
14 200
15 16
20 15
15 21
25 15
27 15
15 28
29 15
32 15
34 15
36 15
15 39
40 15
15 41
15 46
52 15
15 53
55 15
61 15
15 64
69 15
70 15
15 73
15 83
15 87
88 15
94 15
15 96
15 99
100 15
103 15
107 15
15 110
15 112
118 15
15 121
15 122
135 15
138 15
15 143
144 15
15 146
152 15
15 155
15 157
159 15
161 15
15 163
171 15
174 15
15 181
184 15
15 186
194 15
195 15
197 15
200 15
18 16
20 16
16 25
26 16
16 30
16 33
34 16
40 16
52 16
16 55
16 66
16 71
16 76
16 77
81 16
83 16
16 87
16 89
93 16
16 94
16 101
102 16
105 16
16 106
16 110
16 112
114 16
117 16
118 16
16 123
132 16
134 16
16 135
138 16
16 139
16 145
16 156
16 161
166 16
16 170
172 16
16 186
192 16
16 195
16 197
21 17
23 17
24 17
26 17
17 27
31 17
32 17
17 37
17 38
17 39
17 40
41 17
42 17
17 45
17 49
17 51
53 17
17 54
62 17
69 17
71 17
73 17
17 76
80 17
83 17
17 84
17 101
109 17
17 110
17 116
17 119
120 17
17 127
17 130
17 131
140 17
141 17
143 17
17 144
17 146
152 17
17 161
17 165
17 169
17 174
17 185
17 190
194 17
197 17
19 18
21 18
25 18
18 26
32 18
18 36
18 39
40 18
18 41
48 18
52 18
18 58
18 59
60 18
18 63
18 64
18 71
18 72
18 78
80 18
82 18
87 18
18 88
90 18
91 18
94 18
97 18
18 110
18 114
18 118
18 122
125 18
130 18
138 18
18 139
144 18
18 148
18 150
154 18
157 18
18 159
166 18
18 173
179 18
18 183
185 18
18 186
187 18
18 188
189 18
18 192
196 18
18 197
29 19
35 19
19 36
19 37
19 40
43 19
19 47
19 48
19 51
55 19
56 19
57 19
19 59
65 19
68 19
19 69
19 70
19 73
74 19
80 19
81 19
19 83
94 19
19 96
100 19
19 101
103 19
105 19
19 106
19 108
114 19
19 115
124 19
19 126
19 127
19 128
135 19
19 141
143 19
19 144
19 151
19 158
163 19
165 19
19 167
19 171
19 173
177 19
19 183
19 186
19 187
189 19
19 192
19 197
35 20
20 36
20 37
20 38
20 45
46 20
20 49
20 51
53 20
20 55
59 20
20 68
20 73
77 20
81 20
20 84
20 91
92 20
93 20
20 94
20 104
105 20
106 20
107 20
109 20
110 20
20 111
20 117
20 118
122 20
20 127
20 129
20 130
20 137
20 138
20 139
20 140
143 20
152 20
20 154
20 155
165 20
171 20
20 172
173 20
20 175
180 20
20 182
190 20
197 20
21 22
21 23
21 25
26 21
21 30
21 31
21 33
37 21
38 21
21 41
43 21
21 48
49 21
21 54
55 21
21 57
63 21
67 21
69 21
70 21
21 77
21 78
79 21
81 21
21 83
84 21
86 21
91 21
21 97
102 21
21 103
21 107
21 110
111 21
21 113
21 114
21 115
21 117
125 21
126 21
134 21
135 21
136 21
21 137
21 138
142 21
143 21
151 21
21 159
21 170
171 21
21 176
21 181
21 184
21 188
21 193
21 194
21 198
21 199
22 24
42 22
43 22
45 22
22 50
22 57
22 61
22 62
22 67
68 22
22 73
22 74
77 22
22 79
22 84
22 86
22 87
88 22
103 22
104 22
22 110
22 119
22 120
22 128
137 22
22 141
145 22
151 22
22 155
160 22
175 22
22 176
180 22
22 182
184 22
185 22
22 190
22 191
22 193
23 24
23 25
28 23
23 29
23 30
36 23
23 37
46 23
48 23
23 51
52 23
60 23
63 23
65 23
23 68
72 23
23 73
74 23
23 76
78 23
23 79
23 83
88 23
23 98
23 99
100 23
104 23
109 23
23 110
112 23
118 23
23 122
23 129
130 23
132 23
23 134
135 23
141 23
144 23
146 23
147 23
23 149
23 152
23 155
156 23
23 157
158 23
164 23
165 23
166 23
23 168
171 23
23 172
174 23
176 23
23 177
23 183
23 184
187 23
23 191
23 193
196 23
199 23
26 24
24 32
33 24
38 24
40 24
43 24
50 24
24 52
54 24
24 55
24 56
59 24
66 24
70 24
72 24
24 76
78 24
24 83
84 24
24 85
24 86
93 24
24 97
100 24
108 24
109 24
24 112
114 24
24 118
24 120
122 24
125 24
126 24
127 24
129 24
130 24
24 132
24 133
136 24
24 145
163 24
170 24
24 172
176 24
177 24
24 178
179 24
24 181
24 184
24 186
24 193
28 25
25 29
32 25
25 42
25 43
25 47
25 52
53 25
60 25
61 25
25 67
78 25
25 80
81 25
82 25
25 84
85 25
25 86
25 89
25 91
92 25
94 25
25 101
25 102
25 103
113 25
114 25
116 25
117 25
118 25
129 25
25 132
25 134
25 138
139 25
25 140
25 142
25 145
146 25
159 25
160 25
25 163
164 25
165 25
25 167
168 25
170 25
25 171
183 25
188 25
199 25
200 25
26 27
26 28
26 29
26 31
33 26
26 36
45 26
47 26
26 48
26 50
26 59
26 60
70 26
26 71
26 74
76 26
80 26
26 81
82 26
83 26
84 26
85 26
26 87
89 26
26 90
26 91
26 92
96 26
97 26
98 26
104 26
26 105
107 26
26 109
26 128
26 129
136 26
137 26
148 26
26 152
154 26
158 26
164 26
165 26
26 167
26 168
26 172
26 176
181 26
26 182
26 183
185 26
186 26
26 196
26 199
28 27
27 29
34 27
35 27
27 38
40 27
52 27
27 53
27 55
59 27
61 27
27 62
66 27
27 68
27 75
27 81
82 27
85 27
27 88
27 90
27 91
92 27
99 27
100 27
27 101
104 27
108 27
27 109
27 110
115 27
27 119
27 120
122 27
27 124
27 128
27 130
27 131
27 135
137 27
143 27
153 27
27 155
27 159
163 27
27 164
27 165
27 167
170 27
27 173
27 174
177 27
27 179
186 27
27 189
27 193
27 197
27 199
32 28
47 28
28 48
56 28
60 28
61 28
69 28
28 70
28 73
74 28
28 75
28 88
28 90
91 28
28 94
28 99
100 28
101 28
104 28
105 28
28 111
113 28
116 28
117 28
118 28
124 28
127 28
128 28
129 28
131 28
28 133
135 28
28 140
28 142
143 28
144 28
28 146
148 28
149 28
158 28
160 28
163 28
28 164
167 28
28 172
28 173
28 174
178 28
193 28
195 28
199 28
29 30
29 32
29 45
29 47
49 29
29 51
53 29
54 29
29 57
63 29
29 67
29 77
79 29
80 29
82 29
83 29
29 89
91 29
92 29
29 97
98 29
99 29
106 29
29 117
119 29
29 125
127 29
29 128
29 129
29 130
131 29
29 132
135 29
138 29
143 29
29 157
29 158
29 159
29 161
29 168
29 169
170 29
29 176
177 29
29 186
188 29
189 29
190 29
193 29
29 198
199 29
30 31
32 30
30 36
38 30
42 30
43 30
30 45
46 30
30 48
30 49
55 30
56 30
30 64
30 65
71 30
73 30
30 74
77 30
78 30
80 30
30 82
89 30
30 92
95 30
101 30
30 107
117 30
30 118
30 120
122 30
131 30
30 134
30 137
139 30
30 145
30 146
30 161
162 30
163 30
30 164
30 167
171 30
172 30
173 30
30 178
30 188
189 30
30 191
30 192
30 193
30 195
31 34
35 31
38 31
31 45
31 48
52 31
31 53
31 55
59 31
31 63
65 31
31 66
31 71
31 72
31 73
77 31
31 79
31 80
31 81
86 31
87 31
31 90
94 31
95 31
97 31
104 31
105 31
107 31
108 31
111 31
112 31
31 113
119 31
31 122
31 123
124 31
31 132
141 31
142 31
144 31
150 31
152 31
31 155
160 31
162 31
164 31
171 31
31 173
174 31
175 31
31 180
181 31
31 183
31 184
187 31
188 31
189 31
31 194
31 197
31 198
34 32
35 32
37 32
32 43
32 45
32 50
32 51
54 32
32 59
60 32
63 32
32 66
32 68
73 32
74 32
75 32
32 79
80 32
83 32
32 96
32 97
32 98
103 32
32 106
32 108
109 32
110 32
32 111
32 112
113 32
118 32
32 126
129 32
32 133
32 137
139 32
32 144
145 32
32 150
162 32
176 32
32 177
180 32
181 32
191 32
32 193
32 197
33 37
38 33
33 41
43 33
45 33
46 33
48 33
56 33
33 63
33 69
70 33
33 71
72 33
33 76
78 33
33 79
80 33
33 85
33 91
33 92
93 33
95 33
33 96
33 102
104 33
33 115
123 33
33 124
136 33
33 138
33 139
33 143
33 146
147 33
148 33
33 149
33 154
158 33
159 33
33 160
163 33
33 167
33 168
169 33
172 33
174 33
175 33
178 33
180 33
181 33
182 33
183 33
33 185
33 199
34 37
34 40
34 41
34 46
48 34
34 52
57 34
34 60
63 34
34 64
34 65
67 34
69 34
34 74
34 79
84 34
88 34
34 90
34 91
95 34
34 96
97 34
34 99
34 104
34 109
111 34
34 114
34 117
34 118
120 34
126 34
129 34
34 130
133 34
135 34
34 139
141 34
34 148
34 154
34 156
34 158
34 159
160 34
34 163
34 164
34 167
184 34
185 34
34 187
34 188
34 190
34 194
195 34
197 34
198 34
36 35
35 41
49 35
35 53
35 68
35 69
71 35
75 35
86 35
90 35
35 97
98 35
35 100
35 102
35 105
108 35
35 111
115 35
116 35
35 118
35 119
35 120
35 121
35 122
125 35
35 128
35 129
35 133
135 35
138 35
148 35
153 35
159 35
163 35
165 35
170 35
35 174
35 182
186 35
35 187
188 35
35 191
35 200
38 36
36 50
56 36
58 36
62 36
66 36
72 36
73 36
78 36
36 79
80 36
36 88
89 36
36 93
36 95
36 97
36 99
100 36
102 36
36 104
106 36
110 36
114 36
36 115
118 36
36 119
121 36
122 36
123 36
129 36
135 36
36 142
36 144
145 36
36 150
151 36
152 36
36 159
160 36
166 36
36 172
173 36
174 36
176 36
36 179
185 36
36 187
190 36
36 199
37 40
37 42
37 43
45 37
37 49
37 50
37 53
37 58
60 37
37 69
37 71
72 37
74 37
75 37
37 77
37 82
95 37
99 37
37 107
37 109
114 37
121 37
125 37
126 37
37 129
37 133
37 135
137 37
142 37
37 145
37 146
152 37
153 37
154 37
37 162
37 176
37 179
37 183
185 37
188 37
37 190
37 192
194 37
199 37
40 38
46 38
51 38
38 60
38 63
64 38
38 68
38 70
38 75
78 38
79 38
83 38
91 38
38 93
38 96
98 38
38 100
107 38
38 111
112 38
117 38
38 128
129 38
130 38
38 132
134 38
137 38
140 38
38 141
145 38
149 38
150 38
38 151
38 152
38 155
156 38
38 157
158 38
38 162
164 38
38 166
38 175
176 38
38 179
38 193
200 38
42 39
43 39
39 47
52 39
39 55
56 39
58 39
39 59
39 62
65 39
39 67
39 75
77 39
78 39
83 39
39 87
39 89
90 39
39 98
39 99
39 103
104 39
112 39
39 114
120 39
123 39
126 39
128 39
39 129
131 39
39 135
39 138
39 141
149 39
156 39
39 159
161 39
162 39
166 39
172 39
183 39
184 39
39 185
189 39
39 190
39 191
193 39
39 196
199 39
43 40
49 40
53 40
55 40
40 57
40 61
65 40
67 40
40 68
40 73
40 81
82 40
40 83
86 40
87 40
88 40
92 40
40 93
97 40
98 40
40 102
103 40
40 105
40 115
116 40
118 40
120 40
40 121
40 128
40 131
40 133
40 140
142 40
40 144
40 148
153 40
156 40
160 40
40 161
40 163
172 40
173 40
174 40
177 40
180 40
183 40
187 40
189 40
190 40
192 40
195 40
197 40
42 41
44 41
41 45
48 41
41 50
53 41
41 54
55 41
61 41
41 62
41 69
41 70
71 41
41 75
41 76
78 41
41 79
82 41
83 41
84 41
88 41
41 90
94 41
97 41
41 99
101 41
41 105
110 41
41 117
41 120
122 41
41 128
41 132
41 135
41 136
41 146
148 41
153 41
41 159
41 161
41 170
175 41
41 176
41 188
41 189
41 197
198 41
44 42
42 51
53 42
42 55
62 42
42 72
42 76
42 81
84 42
42 85
89 42
91 42
42 97
99 42
101 42
106 42
42 109
111 42
112 42
42 121
132 42
42 133
42 135
42 136
42 139
42 141
147 42
42 164
168 42
169 42
170 42
42 171
42 172
173 42
42 176
42 177
178 42
182 42
189 42
42 193
44 43
43 50
51 43
43 55
56 43
58 43
43 60
64 43
66 43
67 43
69 43
43 71
78 43
80 43
82 43
43 85
43 86
91 43
43 92
43 96
43 97
43 106
110 43
111 43
43 114
43 115
117 43
43 118
43 119
120 43
43 127
137 43
138 43
139 43
145 43
43 153
43 156
163 43
43 168
43 169
174 43
176 43
43 178
43 179
43 180
191 43
43 193
194 43
43 196
43 198
43 200
45 44
44 48
44 55
57 44
44 60
44 62
71 44
75 44
77 44
44 82
91 44
44 100
102 44
44 106
108 44
114 44
123 44
131 44
44 134
44 136
140 44
150 44
154 44
44 155
44 160
44 163
44 164
168 44
169 44
44 170
174 44
175 44
176 44
44 177
44 187
193 44
44 196
46 45
49 45
59 45
45 65
67 45
45 70
45 71
73 45
77 45
81 45
83 45
45 85
45 90
98 45
45 106
45 109
112 45
116 45
119 45
120 45
45 122
45 128
129 45
132 45
133 45
136 45
45 141
45 142
144 45
45 148
45 151
45 157
45 158
45 159
161 45
45 162
164 45
167 45
45 181
45 183
45 185
188 45
45 189
45 198
54 46
58 46
60 46
63 46
46 67
69 46
46 71
72 46
46 74
78 46
46 79
84 46
46 85
86 46
46 92
46 103
46 104
46 105
109 46
112 46
116 46
46 119
120 46
121 46
46 124
46 126
46 132
46 135
138 46
46 139
46 140
141 46
151 46
46 157
46 158
159 46
46 166
46 170
46 172
174 46
46 177
190 46
191 46
46 192
46 198
47 49
53 47
47 57
47 58
63 47
69 47
47 79
84 47
47 85
89 47
90 47
47 92
47 94
99 47
103 47
118 47
47 130
136 47
140 47
149 47
150 47
47 155
161 47
162 47
47 175
177 47
178 47
195 47
51 48
65 48
68 48
48 73
48 75
76 48
87 48
48 90
91 48
92 48
94 48
48 95
48 111
114 48
48 116
48 120
48 126
135 48
150 48
152 48
154 48
48 158
163 48
48 164
165 48
166 48
169 48
171 48
174 48
48 176
177 48
183 48
189 48
191 48
48 192
48 198
50 49
56 49
49 60
49 62
65 49
69 49
72 49
49 74
79 49
49 88
49 93
49 95
49 103
49 106
107 49
49 108
114 49
49 118
119 49
49 129
137 49
138 49
49 141
142 49
143 49
49 145
49 148
49 151
49 153
49 154
49 159
162 49
49 165
49 170
49 174
177 49
49 178
49 185
186 49
187 49
49 188
194 49
49 197
198 49
49 199
50 53
57 50
59 50
50 60
50 62
68 50
50 70
50 71
50 72
50 77
81 50
82 50
50 83
50 84
50 86
88 50
90 50
50 92
99 50
50 103
50 108
111 50
115 50
50 120
129 50
132 50
133 50
136 50
50 141
142 50
143 50
144 50
146 50
50 151
50 152
158 50
50 159
160 50
50 162
50 163
164 50
165 50
173 50
175 50
50 177
50 178
185 50
50 186
50 187
189 50
50 191
50 192
196 50
50 197
199 50
50 200
51 52
51 53
59 51
61 51
62 51
51 63
67 51
77 51
78 51
80 51
51 91
92 51
102 51
51 108
51 113
117 51
123 51
51 127
130 51
131 51
134 51
51 137
51 142
144 51
146 51
51 152
154 51
156 51
51 159
51 164
168 51
170 51
171 51
176 51
177 51
51 180
51 183
184 51
189 51
191 51
51 193
51 195
51 200
55 52
57 52
61 52
52 62
52 64
65 52
52 70
52 77
80 52
82 52
52 84
52 105
111 52
112 52
114 52
52 119
121 52
122 52
52 124
126 52
136 52
138 52
52 144
52 146
148 52
52 149
152 52
52 159
52 160
52 164
165 52
52 166
52 167
172 52
173 52
174 52
175 52
52 177
179 52
180 52
181 52
184 52
52 190
193 52
53 56
58 53
62 53
67 53
70 53
53 73
78 53
81 53
53 82
89 53
53 92
53 93
53 94
104 53
53 107
110 53
115 53
116 53
53 119
53 120
122 53
53 123
53 125
53 127
53 130
53 133
53 136
140 53
53 152
159 53
163 53
171 53
53 172
53 174
175 53
182 53
185 53
188 53
192 53
193 53
53 194
196 53
53 198
200 53
57 54
54 59
68 54
69 54
54 72
74 54
76 54
79 54
86 54
54 90
54 91
97 54
101 54
106 54
108 54
54 110
112 54
54 113
54 118
54 119
121 54
54 123
54 125
54 127
134 54
54 139
142 54
143 54
54 145
54 146
54 148
149 54
150 54
155 54
54 161
167 54
54 174
54 175
54 176
185 54
187 54
54 188
54 191
192 54
54 198
54 199
55 66
67 55
68 55
69 55
72 55
55 80
81 55
55 82
85 55
55 86
55 96
98 55
102 55
55 107
108 55
109 55
55 110
55 111
113 55
55 114
116 55
55 117
120 55
55 121
55 122
123 55
125 55
55 127
55 128
132 55
55 133
55 144
145 55
150 55
55 154
55 162
163 55
55 164
55 169
171 55
55 172
182 55
55 185
55 186
55 187
198 55
199 55
58 56
56 65
56 66
56 70
71 56
56 74
82 56
87 56
88 56
89 56
56 90
91 56
56 92
56 96
56 97
56 98
102 56
56 110
56 113
115 56
56 120
56 127
128 56
132 56
56 137
140 56
56 144
147 56
56 151
56 153
56 155
157 56
56 163
169 56
173 56
174 56
56 177
56 178
56 180
181 56
56 185
189 56
192 56
196 56
198 56
199 56
59 57
60 57
57 63
57 67
71 57
57 74
57 75
76 57
79 57
57 80
81 57
57 82
89 57
90 57
57 99
57 100
57 101
57 105
106 57
57 111
113 57
122 57
57 123
57 124
57 127
129 57
131 57
132 57
57 135
57 141
142 57
57 144
150 57
57 151
57 152
57 155
57 158
57 160
163 57
164 57
171 57
57 172
174 57
175 57
178 57
182 57
57 186
188 57
189 57
57 190
57 191
198 57
58 66
58 71
58 73
58 75
58 79
84 58
58 94
58 97
58 99
58 101
105 58
110 58
112 58
117 58
58 119
128 58
58 129
130 58
58 132
134 58
58 137
138 58
58 140
58 145
146 58
154 58
158 58
58 159
58 162
166 58
58 170
58 172
58 174
58 181
183 58
185 58
58 188
191 58
58 193
59 61
59 71
74 59
59 75
59 77
59 78
59 84
59 86
88 59
59 92
59 94
59 95
59 99
59 101
105 59
110 59
59 115
124 59
125 59
127 59
59 129
130 59
59 136
59 137
59 141
142 59
144 59
59 154
160 59
59 161
162 59
166 59
59 167
59 170
171 59
59 172
59 180
59 186
59 187
189 59
191 59
59 196
60 61
62 60
68 60
60 70
60 76
60 77
60 81
82 60
60 83
60 84
90 60
60 93
60 102
60 103
104 60
60 107
60 110
111 60
116 60
117 60
60 121
123 60
60 133
60 135
60 137
140 60
60 142
60 146
60 147
60 148
153 60
60 157
60 159
60 164
60 167
170 60
60 173
175 60
60 179
180 60
183 60
60 192
60 193
60 198
60 200
61 62
61 64
65 61
61 66
68 61
61 69
61 70
61 75
61 79
61 80
81 61
82 61
84 61
86 61
61 93
99 61
103 61
61 105
61 106
108 61
61 111
61 114
61 125
128 61
133 61
61 136
141 61
61 142
144 61
61 147
61 148
149 61
150 61
61 151
61 152
156 61
158 61
61 160
172 61
61 175
61 184
185 61
61 188
191 61
61 192
195 61
197 61
200 61
62 66
62 68
73 62
62 83
90 62
93 62
94 62
98 62
62 99
62 100
62 101
103 62
62 104
62 106
62 107
115 62
117 62
118 62
123 62
124 62
127 62
62 136
62 139
62 144
62 145
146 62
62 149
62 154
62 158
165 62
167 62
62 172
178 62
186 62
188 62
189 62
190 62
62 192
67 63
63 71
74 63
80 63
63 86
91 63
63 100
108 63
111 63
116 63
122 63
124 63
63 131
136 63
141 63
142 63
63 151
157 63
63 159
160 63
63 161
169 63
170 63
177 63
181 63
186 63
191 63
193 63
63 194
64 65
69 64
64 70
64 74
64 75
79 64
64 80
81 64
64 82
83 64
84 64
64 87
92 64
96 64
64 97
98 64
64 101
104 64
64 107
64 113
118 64
119 64
125 64
126 64
64 127
128 64
129 64
64 136
138 64
140 64
144 64
64 145
64 146
64 152
64 158
64 159
64 166
64 170
64 171
64 172
176 64
64 177
179 64
182 64
183 64
188 64
191 64
64 197
198 64
200 64
68 65
65 69
75 65
65 78
65 79
85 65
86 65
88 65
96 65
65 98
107 65
109 65
65 110
65 112
113 65
116 65
65 117
65 118
65 120
65 124
65 128
134 65
137 65
138 65
65 147
65 152
65 156
65 161
65 164
65 165
65 166
167 65
170 65
65 180
182 65
65 188
190 65
65 192
65 200
68 66
66 79
66 81
66 83
88 66
66 93
94 66
66 98
66 102
66 106
66 111
66 115
66 119
133 66
135 66
66 141
143 66
144 66
66 151
153 66
158 66
66 164
66 170
174 66
179 66
185 66
186 66
66 192
66 193
194 66
195 66
66 196
197 66
66 199
68 67
72 67
74 67
67 79
67 81
83 67
67 85
67 86
87 67
67 99
100 67
109 67
67 118
121 67
67 123
67 124
129 67
67 130
67 131
132 67
146 67
67 148
150 67
67 151
155 67
157 67
67 160
163 67
67 167
171 67
172 67
67 176
67 179
67 185
191 67
67 193
71 68
73 68
68 77
68 82
83 68
84 68
92 68
68 93
98 68
99 68
102 68
68 103
107 68
68 108
68 120
122 68
68 126
68 128
68 134
68 136
68 138
142 68
150 68
153 68
158 68
159 68
161 68
162 68
167 68
68 172
68 173
178 68
186 68
187 68
195 68
196 68
68 197
198 68
199 68
200 68
69 74
69 76
69 79
82 69
69 96
69 98
69 99
69 100
69 106
69 108
69 110
116 69
69 118
69 120
123 69
125 69
127 69
130 69
136 69
69 139
69 141
143 69
69 147
149 69
150 69
151 69
153 69
69 161
162 69
164 69
69 165
168 69
172 69
69 175
181 69
69 182
196 69
69 198
72 70
76 70
70 80
70 86
70 87
93 70
70 94
100 70
105 70
70 107
109 70
111 70
115 70
70 125
133 70
136 70
138 70
140 70
141 70
150 70
70 153
165 70
179 70
70 182
190 70
70 192
70 193
197 70
71 74
71 79
71 91
71 95
71 96
71 98
71 99
71 100
102 71
71 104
105 71
71 109
110 71
116 71
120 71
129 71
71 131
71 140
152 71
154 71
71 155
156 71
158 71
71 159
71 160
71 161
71 164
71 172
71 177
71 180
71 184
186 71
187 71
191 71
71 196
198 71
74 72
72 77
72 78
80 72
81 72
83 72
72 92
72 93
72 94
96 72
103 72
72 105
72 111
112 72
72 115
72 118
122 72
127 72
128 72
72 130
72 135
137 72
139 72
72 144
72 145
72 146
156 72
72 157
72 159
161 72
166 72
72 167
168 72
172 72
72 173
175 72
72 177
72 182
72 184
72 185
72 188
189 72
190 72
192 72
72 194
72 199
83 73
85 73
87 73
73 91
73 92
96 73
99 73
73 102
73 108
73 109
73 112
113 73
73 118
120 73
73 121
125 73
73 127
73 135
73 138
73 139
73 150
152 73
73 154
73 160
161 73
73 172
73 174
176 73
177 73
73 178
73 180
181 73
73 182
183 73
73 185
189 73
192 73
73 193
195 73
82 74
93 74
74 100
101 74
102 74
74 104
74 109
110 74
74 113
74 114
116 74
117 74
118 74
125 74
74 126
74 128
74 133
74 136
74 139
141 74
74 143
146 74
74 148
74 151
152 74
155 74
74 157
74 159
163 74
170 74
171 74
74 182
183 74
74 186
74 187
74 191
193 74
194 74
74 200
76 75
75 79
87 75
75 88
90 75
91 75
75 99
75 102
103 75
106 75
75 109
110 75
115 75
120 75
121 75
75 133
136 75
75 137
139 75
140 75
141 75
75 149
75 151
75 153
75 155
161 75
75 164
75 165
171 75
173 75
177 75
179 75
180 75
184 75
75 188
75 189
192 75
75 200
80 76
76 81
82 76
86 76
76 95
76 100
76 109
111 76
76 113
116 76
117 76
122 76
126 76
76 128
76 129
76 133
136 76
76 142
150 76
153 76
76 156
76 161
164 76
168 76
170 76
76 174
177 76
76 178
180 76
76 182
76 183
76 185
188 76
76 190
76 192
194 76
76 196
76 197
76 198
78 77
77 80
77 83
77 86
77 87
88 77
94 77
97 77
77 98
77 108
77 117
77 121
129 77
77 131
132 77
138 77
144 77
77 150
153 77
77 155
77 156
158 77
169 77
77 174
178 77
179 77
77 180
77 181
186 77
77 188
77 192
77 193
195 77
199 77
78 80
86 78
88 78
78 92
78 95
78 96
78 98
78 105
106 78
78 107
111 78
117 78
127 78
128 78
78 129
130 78
78 132
136 78
145 78
148 78
78 152
78 156
163 78
78 165
170 78
172 78
78 173
78 176
78 177
78 178
78 179
78 185
78 188
78 190
191 78
78 192
79 88
79 90
92 79
79 96
79 101
79 105
110 79
79 113
114 79
117 79
119 79
122 79
79 126
79 127
130 79
79 131
79 132
133 79
79 135
137 79
138 79
141 79
143 79
79 144
79 145
146 79
79 148
152 79
156 79
157 79
161 79
79 165
171 79
173 79
79 175
186 79
79 187
79 190
191 79
79 195
79 196
80 85
80 91
95 80
80 97
101 80
104 80
107 80
114 80
80 117
80 119
122 80
123 80
128 80
80 133
135 80
80 143
80 144
80 148
80 149
80 156
80 157
158 80
80 161
163 80
80 170
80 172
80 173
176 80
80 178
180 80
182 80
184 80
80 186
187 80
190 80
80 192
200 80
81 82
81 86
88 81
89 81
81 94
97 81
98 81
81 103
105 81
108 81
81 109
81 113
121 81
122 81
81 126
128 81
81 131
144 81
147 81
155 81
156 81
81 157
81 159
161 81
162 81
168 81
170 81
81 171
174 81
81 179
183 81
81 184
188 81
189 81
190 81
193 81
81 195
199 81
82 84
87 82
88 82
82 95
97 82
99 82
103 82
105 82
110 82
116 82
118 82
82 119
124 82
125 82
82 130
133 82
82 141
82 142
82 154
162 82
82 165
82 167
172 82
82 174
82 177
179 82
183 82
185 82
82 187
192 82
82 195
83 86
83 88
83 94
102 83
83 104
105 83
83 109
83 110
112 83
117 83
119 83
83 122
83 132
139 83
83 143
83 144
145 83
153 83
154 83
83 157
158 83
163 83
83 167
169 83
83 171
83 172
83 178
179 83
83 183
186 83
187 83
83 188
192 83
83 194
195 83
83 196
198 83
199 83
89 84
92 84
94 84
95 84
103 84
84 108
111 84
84 114
115 84
118 84
84 120
84 121
123 84
84 125
84 127
84 132
133 84
84 135
140 84
84 142
144 84
145 84
147 84
150 84
84 156
84 165
169 84
171 84
173 84
177 84
183 84
185 84
84 186
188 84
193 84
199 84
84 200
86 85
90 85
85 91
85 94
85 98
85 101
85 102
85 103
85 105
106 85
110 85
111 85
113 85
116 85
85 117
123 85
125 85
132 85
142 85
143 85
85 144
85 145
154 85
162 85
176 85
85 184
85 186
85 189
190 85
191 85
85 194
196 85
197 85
86 88
90 86
86 91
86 95
86 96
86 97
103 86
86 118
86 124
126 86
127 86
86 131
133 86
86 137
86 139
143 86
86 148
86 149
154 86
86 156
157 86
86 160
86 164
167 86
171 86
86 172
86 174
86 178
186 86
187 86
86 191
192 86
193 86
197 86
86 198
87 90
94 87
87 99
87 102
87 103
105 87
87 112
87 115
87 116
87 119
123 87
87 131
132 87
139 87
141 87
144 87
146 87
87 147
87 149
155 87
87 159
87 162
87 174
175 87
176 87
180 87
183 87
185 87
87 193
87 196
88 96
98 88
88 100
88 105
111 88
88 113
88 120
122 88
123 88
125 88
88 126
88 128
88 135
88 137
88 154
158 88
164 88
88 168
172 88
88 175
188 88
88 190
192 88
88 193
88 194
195 88
197 88
198 88
199 88
92 89
95 89
89 114
119 89
123 89
124 89
127 89
89 132
134 89
138 89
140 89
141 89
89 146
89 148
152 89
155 89
163 89
164 89
89 165
89 167
89 168
89 171
89 173
89 174
176 89
89 177
89 181
89 182
183 89
185 89
89 186
89 187
89 188
189 89
194 89
89 198
93 90
95 90
90 96
90 98
100 90
90 107
90 108
111 90
90 112
114 90
90 116
90 119
121 90
90 123
90 131
132 90
133 90
134 90
136 90
90 137
138 90
90 140
145 90
148 90
153 90
154 90
90 161
90 163
90 180
90 190
191 90
90 192
90 193
90 199
91 93
91 94
101 91
91 106
91 109
91 111
91 114
91 116
123 91
91 129
91 131
91 133
136 91
139 91
140 91
91 141
142 91
91 147
91 148
91 152
91 153
155 91
157 91
91 162
91 164
91 167
169 91
170 91
171 91
91 186
91 191
193 91
91 200
93 92
94 92
99 92
101 92
92 102
105 92
106 92
110 92
92 112
92 113
92 114
116 92
128 92
131 92
92 142
92 145
92 153
156 92
92 157
92 161
162 92
164 92
92 172
92 173
175 92
176 92
92 181
92 185
186 92
92 191
197 92
96 93
97 93
93 98
99 93
93 101
103 93
105 93
93 108
110 93
93 111
93 114
93 115
117 93
118 93
125 93
93 128
129 93
133 93
93 134
93 139
93 140
93 143
149 93
156 93
93 158
93 161
163 93
171 93
172 93
173 93
93 183
93 184
185 93
189 93
93 193
93 196
200 93
99 94
105 94
107 94
112 94
94 117
94 118
119 94
94 121
126 94
94 133
94 135
94 139
140 94
142 94
147 94
148 94
94 149
151 94
94 152
153 94
94 155
158 94
94 159
94 163
94 179
94 180
94 181
184 94
94 185
94 186
94 187
190 94
94 192
198 94
199 94
95 100
101 95
95 102
95 106
95 111
112 95
95 114
95 122
128 95
132 95
136 95
95 141
95 152
161 95
164 95
95 172
177 95
179 95
95 185
95 187
190 95
95 193
95 194
96 98
99 96
101 96
96 108
113 96
96 115
96 119
123 96
124 96
125 96
96 126
96 128
96 130
131 96
135 96
96 137
139 96
154 96
158 96
96 161
96 166
167 96
96 169
96 170
96 175
96 177
96 183
96 186
194 96
96 200
100 97
97 101
97 104
108 97
109 97
110 97
111 97
115 97
97 122
123 97
124 97
126 97
127 97
129 97
97 134
97 135
97 136
138 97
97 140
150 97
97 155
159 97
161 97
163 97
170 97
97 172
97 177
178 97
182 97
97 186
97 196
197 97
100 98
103 98
113 98
98 116
119 98
98 120
121 98
123 98
124 98
98 128
133 98
136 98
98 141
143 98
145 98
147 98
150 98
151 98
98 156
159 98
169 98
98 171
172 98
98 182
98 187
188 98
98 189
98 198
199 98
99 102
99 109
99 113
99 115
116 99
118 99
119 99
99 121
99 122
99 124
99 126
127 99
99 131
99 133
146 99
150 99
99 154
156 99
159 99
164 99
167 99
174 99
99 179
180 99
99 189
99 195
197 99
99 200
100 105
100 111
113 100
116 100
118 100
121 100
124 100
100 128
130 100
100 132
134 100
148 100
100 150
100 152
156 100
157 100
158 100
100 160
100 166
175 100
180 100
100 182
100 183
100 195
102 101
105 101
101 112
115 101
101 117
122 101
101 129
101 132
135 101
140 101
101 144
101 146
147 101
101 150
151 101
157 101
164 101
167 101
101 169
171 101
172 101
101 176
177 101
101 179
101 181
182 101
101 184
186 101
188 101
101 191
194 101
101 195
199 101
107 102
102 112
102 119
102 120
102 124
102 130
102 133
138 102
102 141
102 151
156 102
102 157
160 102
102 161
162 102
102 165
102 168
102 171
102 177
102 178
183 102
184 102
186 102
187 102
102 188
102 192
102 193
194 102
200 102
103 104
103 105
106 103
103 107
109 103
114 103
103 118
103 127
133 103
103 134
135 103
136 103
138 103
141 103
103 145
146 103
103 148
103 149
150 103
155 103
156 103
103 164
103 166
103 168
103 170
103 174
175 103
182 103
103 185
187 103
103 199
104 105
106 104
104 107
104 109
104 111
104 116
118 104
104 120
104 123
104 128
132 104
136 104
104 139
140 104
104 145
104 147
149 104
104 157
104 158
165 104
166 104
167 104
172 104
173 104
177 104
104 179
104 183
104 186
104 192
193 104
104 199
105 106
108 105
113 105
115 105
116 105
105 118
126 105
105 129
105 131
105 134
136 105
137 105
139 105
143 105
148 105
160 105
161 105
162 105
105 164
105 166
168 105
105 171
173 105
105 175
176 105
179 105
180 105
182 105
105 183
184 105
105 186
190 105
105 193
105 194
197 105
105 199
109 106
106 110
106 114
106 115
106 118
120 106
121 106
106 122
106 130
106 132
106 134
106 137
145 106
106 153
106 157
158 106
106 166
167 106
106 172
106 174
106 177
106 180
189 106
191 106
192 106
106 195
106 196
197 106
107 112
107 113
115 107
107 117
120 107
107 121
107 122
107 126
127 107
107 129
130 107
137 107
148 107
149 107
151 107
107 152
107 153
107 158
160 107
163 107
107 168
171 107
172 107
179 107
107 180
107 182
107 188
194 107
196 107
108 109
108 110
108 112
117 108
118 108
120 108
108 121
108 123
124 108
108 127
142 108
108 145
108 151
155 108
157 108
108 158
164 108
165 108
166 108
108 167
108 172
108 174
175 108
108 177
108 178
180 108
181 108
108 185
108 188
108 189
108 190
192 108
195 108
200 108
110 109
113 109
109 116
118 109
109 119
124 109
125 109
109 128
109 131
132 109
133 109
137 109
141 109
109 143
109 147
109 148
109 155
156 109
109 161
109 163
166 109
168 109
109 171
109 172
109 173
176 109
109 178
109 179
109 183
109 192
193 109
111 110
120 110
122 110
126 110
110 127
110 129
131 110
110 134
110 137
110 138
110 142
144 110
110 147
152 110
154 110
110 160
162 110
110 168
110 173
175 110
186 110
110 189
110 192
195 110
111 112
111 113
117 111
120 111
126 111
111 131
132 111
139 111
111 150
111 155
156 111
111 157
111 163
164 111
111 169
170 111
172 111
176 111
111 179
111 190
192 111
194 111
200 111
112 113
117 112
118 112
121 112
123 112
124 112
130 112
112 133
137 112
138 112
139 112
142 112
147 112
149 112
112 151
112 152
156 112
112 158
112 159
112 162
163 112
169 112
112 171
176 112
183 112
112 189
192 112
112 193
195 112
113 114
113 115
113 117
113 122
123 113
113 126
113 130
113 132
135 113
139 113
113 149
151 113
113 156
113 158
113 160
113 161
163 113
166 113
113 168
113 177
113 178
179 113
113 180
181 113
187 113
194 113
114 115
114 116
114 117
114 120
122 114
114 125
114 127
114 128
114 134
114 138
114 141
144 114
151 114
114 153
160 114
165 114
168 114
172 114
176 114
178 114
179 114
182 114
184 114
114 189
114 191
192 114
194 114
195 114
196 114
114 200
117 115
118 115
127 115
129 115
115 130
115 132
115 139
144 115
115 145
115 147
115 149
115 152
115 154
115 159
115 160
163 115
164 115
168 115
115 171
115 173
115 181
182 115
115 184
115 189
193 115
195 115
196 115
200 115
124 116
116 125
116 133
116 134
116 142
144 116
146 116
116 150
116 154
116 157
159 116
116 164
168 116
116 180
181 116
184 116
116 188
194 116
116 196
200 116
121 117
117 122
127 117
117 130
133 117
134 117
117 140
117 141
142 117
117 147
117 148
150 117
117 152
156 117
162 117
163 117
164 117
169 117
117 170
117 171
117 172
117 174
117 177
178 117
117 182
117 186
117 188
117 189
117 192
193 117
117 197
117 199
119 118
118 123
118 127
130 118
133 118
118 137
118 142
145 118
118 149
154 118
118 155
157 118
118 160
118 161
162 118
118 167
171 118
118 175
118 177
178 118
180 118
118 181
186 118
118 190
194 118
118 197
200 118
119 120
121 119
119 123
125 119
119 132
139 119
119 141
161 119
119 166
169 119
119 170
173 119
174 119
176 119
119 177
119 179
119 182
188 119
119 189
193 119
119 194
121 120
120 122
120 123
120 129
120 131
120 136
153 120
167 120
120 174
176 120
177 120
120 181
120 188
193 120
123 121
131 121
135 121
121 136
121 143
144 121
121 146
121 147
148 121
149 121
121 151
157 121
121 175
176 121
121 179
121 186
121 193
194 121
196 121
197 121
198 121
122 123
126 122
122 130
134 122
122 135
122 137
141 122
122 146
147 122
122 149
122 152
156 122
157 122
163 122
165 122
167 122
122 168
122 173
174 122
122 183
184 122
122 186
122 188
193 122
122 196
122 198
200 122
124 123
123 125
127 123
123 131
132 123
136 123
138 123
153 123
123 159
123 161
123 165
123 169
172 123
123 174
180 123
123 183
184 123
190 123
123 191
192 123
193 123
123 198
124 127
131 124
124 132
136 124
124 137
141 124
124 142
147 124
124 150
124 157
124 163
164 124
166 124
124 169
124 170
171 124
177 124
182 124
187 124
124 189
193 124
125 127
125 133
125 140
125 141
146 125
148 125
149 125
150 125
125 152
125 155
170 125
171 125
172 125
176 125
178 125
179 125
180 125
125 183
125 185
187 125
125 190
125 192
125 193
125 196
197 125
125 198
200 125
129 126
126 136
126 145
126 148
126 151
126 153
158 126
160 126
126 166
126 167
126 168
169 126
126 171
126 173
174 126
126 175
126 176
181 126
126 182
185 126
126 195
126 197
126 198
127 135
127 136
127 141
145 127
127 147
127 149
152 127
127 155
156 127
171 127
175 127
127 179
127 181
182 127
183 127
185 127
189 127
127 191
127 192
127 196
128 131
147 128
151 128
152 128
153 128
128 156
128 173
175 128
128 178
128 182
186 128
128 193
195 128
128 197
198 128
128 200
129 132
129 135
139 129
145 129
147 129
129 148
129 149
129 158
159 129
164 129
166 129
129 176
177 129
129 183
184 129
129 185
129 192
198 129
133 130
130 135
137 130
141 130
130 144
146 130
148 130
130 153
157 130
130 158
160 130
130 161
130 166
168 130
130 178
179 130
182 130
130 191
194 130
197 130
130 199
139 131
140 131
144 131
131 145
131 146
131 147
162 131
181 131
131 182
131 189
131 196
131 198
131 200
132 134
132 135
138 132
144 132
132 145
152 132
155 132
132 157
132 159
132 161
164 132
132 166
132 167
132 170
176 132
178 132
179 132
132 183
132 187
188 132
192 132
132 199
200 132
135 133
133 136
133 140
133 141
143 133
146 133
133 147
151 133
133 156
157 133
133 158
162 133
133 168
174 133
133 177
180 133
182 133
133 190
133 197
198 133
139 134
140 134
141 134
142 134
134 150
134 151
157 134
134 158
160 134
165 134
134 167
134 168
134 175
134 183
191 134
134 194
195 134
134 196
200 134
135 142
135 146
149 135
135 152
135 154
135 158
159 135
135 160
163 135
135 167
170 135
135 176
135 179
135 180
182 135
135 183
135 188
135 191
135 192
195 135
196 135
200 135
138 136
140 136
143 136
136 150
136 154
159 136
161 136
136 163
164 136
166 136
173 136
136 178
183 136
136 186
187 136
191 136
136 197
138 137
141 137
144 137
146 137
148 137
137 151
137 156
137 159
160 137
161 137
137 165
166 137
137 169
172 137
137 175
137 178
180 137
184 137
137 191
199 137
200 137
138 140
141 138
138 153
138 159
138 165
138 169
170 138
138 171
174 138
182 138
138 186
138 189
191 138
138 197
200 138
139 143
139 148
139 153
154 139
157 139
139 159
139 160
170 139
173 139
139 184
187 139
190 139
139 191
139 197
140 142
140 143
152 140
153 140
140 158
159 140
140 160
140 162
163 140
170 140
140 172
140 178
140 181
140 182
189 140
140 191
194 140
195 140
140 198
148 141
150 141
141 159
141 166
141 170
141 174
141 177
141 178
180 141
141 184
141 185
141 186
187 141
141 189
141 199
200 141
143 142
146 142
150 142
154 142
142 155
158 142
142 159
161 142
165 142
142 167
142 168
169 142
142 170
142 172
174 142
142 175
182 142
142 191
142 193
194 142
200 142
146 143
143 147
143 148
150 143
143 152
153 143
156 143
158 143
143 163
143 168
143 170
143 172
174 143
175 143
143 177
178 143
184 143
186 143
143 188
190 143
143 197
143 200
144 146
144 151
144 153
144 156
157 144
171 144
172 144
144 173
174 144
175 144
178 144
179 144
144 186
190 144
144 192
144 193
144 194
197 144
200 144
145 148
145 151
145 152
145 156
145 157
145 158
160 145
161 145
163 145
166 145
170 145
145 178
179 145
183 145
145 187
145 190
145 191
145 196
145 197
145 200
146 147
146 149
150 146
151 146
146 153
146 155
156 146
159 146
161 146
164 146
146 166
169 146
146 170
176 146
146 178
179 146
146 181
146 182
146 186
190 146
191 146
146 192
194 146
196 146
149 147
157 147
147 158
147 161
147 164
147 167
177 147
180 147
182 147
183 147
147 186
147 188
189 147
200 147
153 148
148 155
148 156
148 164
148 167
168 148
148 169
148 173
148 175
148 177
184 148
148 187
148 193
194 148
148 198
199 148
148 200
159 149
163 149
167 149
149 173
149 181
184 149
190 149
192 149
193 149
149 195
149 197
199 149
155 150
150 163
164 150
150 168
150 170
172 150
150 177
179 150
188 150
194 150
151 153
151 155
156 151
161 151
169 151
151 171
151 173
181 151
151 184
151 187
151 188
191 151
194 151
151 197
199 151
152 154
157 152
152 158
152 159
160 152
152 161
169 152
170 152
171 152
152 176
152 181
152 183
152 196
152 200
162 153
153 164
165 153
153 167
153 172
153 173
153 174
153 179
153 184
153 185
153 197
153 198
154 159
154 170
176 154
177 154
179 154
154 182
184 154
187 154
154 192
159 155
155 160
163 155
155 164
155 166
168 155
171 155
155 173
155 176
155 178
186 155
155 187
190 155
155 192
193 155
195 155
196 155
155 197
156 157
156 160
167 156
168 156
156 170
156 173
175 156
156 180
156 182
156 185
190 156
196 156
156 197
198 156
200 156
158 157
162 157
157 165
157 183
157 186
157 187
188 157
189 157
191 157
192 157
193 157
157 197
157 200
159 158
162 158
158 164
170 158
174 158
158 176
178 158
182 158
183 158
158 186
190 158
158 196
197 158
200 158
162 159
159 167
159 176
159 179
159 187
188 159
190 159
159 192
159 194
159 198
162 160
166 160
167 160
160 168
160 169
170 160
171 160
160 175
176 160
160 178
180 160
160 188
160 191
160 192
197 160
160 198
199 160
161 163
167 161
161 177
179 161
161 186
189 161
161 194
163 162
172 162
178 162
183 162
184 162
162 188
192 162
197 162
198 162
163 164
163 166
163 168
169 163
170 163
163 172
174 163
175 163
163 180
181 163
184 163
163 192
163 194
163 199
164 165
164 171
176 164
164 178
164 179
180 164
187 164
189 164
164 192
195 164
164 197
166 165
165 176
165 179
180 165
165 183
185 165
165 187
165 188
189 165
191 165
165 194
198 165
166 169
166 181
185 166
186 166
166 188
166 191
166 195
199 166
167 170
178 167
181 167
182 167
167 185
167 187
167 188
167 189
167 197
199 167
172 168
168 182
168 185
168 188
198 168
170 169
169 175
178 169
179 169
182 169
169 183
188 169
195 169
196 169
197 169
173 170
170 177
170 184
192 170
193 170
194 170
195 170
197 170
170 198
200 170
172 171
171 175
177 171
180 171
188 171
189 171
171 190
198 171
172 174
177 172
172 178
172 180
172 185
172 187
189 172
191 172
192 172
172 194
172 195
199 172
173 175
173 176
173 179
173 180
173 187
189 173
194 173
175 174
177 174
174 178
174 184
174 186
189 174
174 190
174 198
175 181
191 175
194 175
198 175
175 200
176 180
176 183
184 176
176 185
186 176
189 176
176 193
176 196
197 176
177 180
181 177
192 177
194 177
200 177
178 179
178 180
182 178
183 178
184 178
178 190
178 192
193 178
194 178
178 197
180 179
181 179
179 188
179 189
197 179
179 199
182 180
185 180
190 180
180 194
196 180
180 199
181 182
185 181
188 181
189 181
181 194
197 181
181 198
185 182
182 186
187 182
182 191
182 193
182 197
183 186
183 191
183 195
183 198
184 192
197 184
185 186
185 188
185 193
185 195
196 185
197 185
188 186
186 190
192 186
200 186
188 187
187 189
191 187
187 192
194 187
187 198
194 188
200 188
194 189
189 195
189 196
198 189
190 197
191 193
191 196
197 191
192 195
192 197
194 193
195 193
199 193
193 200
194 195
198 194
194 199
197 195
196 197
198 197
199 200
