100 787
1 2
1 3
1 4
1 5
1 6
1 7
1 8
1 9
1 10
1 11
1 12
1 13
1 14
1 15
1 16
1 17
1 18
1 19
1 20
1 21
1 22
1 23
1 24
1 25
1 26
1 27
1 28
1 29
1 30
1 31
1 32
1 33
1 34
1 35
1 36
1 37
1 38
1 39
1 40
1 41
1 42
1 43
1 44
1 45
1 46
1 47
1 48
1 49
1 50
2 75
2 65
2 57
2 95
2 54
2 88
2 68
2 76
2 99
2 74
2 80
2 81
2 77
2 73
2 62
2 69
2 60
2 79
2 51
2 86
2 52
3 74
3 79
3 88
3 72
3 57
3 52
3 64
3 58
3 56
3 70
3 73
3 75
3 80
3 90
3 86
3 87
3 76
3 91
3 61
3 77
3 97
3 99
3 59
4 91
4 52
4 51
4 65
4 82
4 56
4 97
4 58
4 99
4 78
4 53
4 55
4 93
4 88
4 79
4 87
4 76
4 81
4 85
4 80
4 60
5 86
5 73
5 93
5 94
5 64
5 63
5 59
5 77
5 85
5 88
5 96
5 55
5 75
5 92
5 87
5 72
5 89
5 66
5 97
5 62
5 79
5 99
5 56
6 55
6 61
6 86
6 88
6 54
6 65
6 70
6 76
6 81
6 90
6 98
6 53
6 87
6 93
7 87
7 51
7 72
7 89
7 84
7 70
7 78
7 76
7 90
7 55
7 91
7 63
7 56
7 81
7 97
7 71
7 65
7 66
7 95
7 79
7 58
8 80
8 90
8 65
8 94
8 67
8 61
8 95
8 96
8 78
9 99
9 63
9 80
9 68
9 69
9 56
9 78
9 70
9 84
9 52
9 95
9 66
9 75
9 97
9 67
9 91
9 96
9 65
9 77
10 68
10 70
10 62
10 97
11 60
11 58
11 53
11 81
11 67
12 77
12 92
12 85
12 98
12 52
12 71
12 93
12 99
12 86
13 66
13 78
13 63
13 74
13 52
13 80
13 61
13 58
13 59
13 88
13 62
13 87
13 64
13 99
13 79
13 94
13 89
13 75
13 96
13 85
13 77
13 73
13 86
13 68
14 86
14 60
14 54
14 62
14 87
14 51
14 55
14 80
14 76
14 92
14 98
15 98
15 71
15 79
16 90
16 99
16 98
16 88
16 59
16 52
16 96
16 57
16 82
16 73
16 74
16 70
16 54
16 89
16 53
16 64
16 68
16 75
16 91
16 61
16 85
16 66
16 87
16 95
16 77
17 67
17 89
17 71
17 87
17 95
17 88
17 53
17 59
17 60
18 60
18 66
18 96
18 63
18 64
18 82
18 57
18 55
18 85
18 75
18 99
18 69
18 84
18 76
18 94
18 67
18 77
18 59
18 51
18 61
18 83
18 54
18 53
19 64
19 54
19 71
19 53
19 61
20 84
20 62
20 90
20 69
20 64
21 96
21 55
21 65
21 75
21 80
21 62
21 94
21 85
22 56
22 91
22 96
22 83
22 86
22 78
22 79
22 97
22 68
22 88
22 57
23 59
23 61
23 76
23 58
23 53
23 68
23 79
23 71
23 72
23 60
23 94
23 63
23 66
23 81
23 99
23 84
23 92
23 98
23 96
23 62
23 67
23 85
23 90
23 93
24 53
25 81
25 91
25 78
25 87
25 55
25 95
25 82
25 79
25 94
25 76
25 83
25 77
25 69
25 86
25 51
25 73
25 64
26 83
26 98
26 73
26 82
26 92
27 92
27 86
27 55
27 51
27 78
27 56
27 79
27 96
27 70
27 94
27 87
27 75
27 53
27 69
27 68
27 89
27 66
27 59
27 85
27 52
28 86
28 71
28 88
28 97
28 65
28 83
28 80
28 52
28 63
28 92
28 95
28 72
28 67
28 66
28 61
28 78
29 63
29 74
29 79
29 85
30 80
30 67
30 90
30 72
30 56
30 54
30 85
30 57
30 73
30 60
30 93
30 70
30 92
30 69
30 83
30 53
31 85
31 65
31 59
31 72
31 75
31 91
31 68
31 66
31 77
31 95
31 56
31 87
31 97
32 67
32 96
32 95
32 90
32 69
32 86
32 83
32 64
32 84
32 71
33 64
33 87
33 93
33 95
33 56
33 66
33 76
33 53
33 89
33 79
33 98
33 82
33 68
33 74
33 84
34 98
34 96
34 88
34 68
34 59
34 75
34 99
34 52
34 62
34 80
34 64
34 87
34 84
34 60
34 51
34 70
34 97
34 69
34 90
34 61
34 83
34 55
34 89
34 81
35 58
35 80
35 69
35 62
35 88
35 67
35 66
35 72
35 79
35 64
35 84
35 51
35 85
35 63
35 91
35 73
35 61
35 52
35 70
35 92
35 71
35 78
36 94
36 60
36 68
36 64
36 57
36 88
36 90
36 89
36 54
36 93
36 66
36 70
36 78
36 92
36 73
36 52
36 79
36 51
36 58
36 97
37 94
37 79
37 72
37 87
37 73
37 80
37 83
37 92
37 51
37 78
37 64
37 57
37 54
37 65
37 59
38 67
38 90
38 56
38 91
38 72
38 69
38 78
38 84
38 65
39 78
39 95
39 64
39 92
39 98
39 93
39 90
40 82
40 77
40 98
40 96
40 92
40 62
40 91
40 93
40 73
40 52
40 71
40 78
40 53
40 86
40 68
40 83
40 67
40 89
40 88
41 60
41 91
41 62
41 55
41 74
41 68
41 97
41 65
41 80
41 86
41 66
41 63
41 84
41 89
41 51
42 95
42 68
42 74
42 54
42 88
42 59
42 53
42 97
42 89
42 71
42 78
43 53
43 58
43 75
43 86
43 85
43 77
43 65
43 98
43 79
43 52
43 55
44 57
44 83
44 93
44 85
44 81
44 75
44 92
44 67
44 80
44 79
44 87
44 63
44 55
44 97
44 76
44 64
44 86
44 99
44 91
44 51
45 64
45 85
45 99
45 58
45 77
45 73
45 89
45 87
45 98
45 52
45 53
45 59
45 57
45 56
45 82
45 70
45 79
45 86
45 92
45 91
46 82
46 75
46 51
46 61
46 57
46 90
46 69
47 80
47 62
47 60
47 53
47 51
47 67
47 74
47 97
48 60
48 95
48 73
48 65
48 80
48 89
48 98
48 87
48 85
48 69
48 93
48 86
48 64
48 63
48 76
48 70
48 53
48 92
48 96
48 61
48 58
48 74
49 78
49 61
49 91
49 56
49 98
49 93
49 97
49 60
49 51
49 52
50 99
50 55
50 82
50 61
50 79
50 59
50 96
50 54
50 93
50 58
50 78
50 91
50 57
50 63
50 83
51 100
52 100
53 100
54 100
55 100
56 100
57 100
58 100
59 100
60 100
61 100
62 100
63 100
64 100
65 100
66 100
67 100
68 100
69 100
70 100
71 100
72 100
73 100
74 100
75 100
76 100
77 100
78 100
79 100
80 100
81 100
82 100
83 100
84 100
85 100
86 100
87 100
88 100
89 100
90 100
91 100
92 100
93 100
94 100
95 100
96 100
97 100
98 100
99 100
