200 2620
1 2
1 3
1 4
1 5
1 6
1 7
1 8
1 9
1 10
1 11
1 12
1 13
1 14
1 15
1 16
1 17
1 18
1 19
1 20
1 21
1 22
1 23
1 24
1 25
1 26
1 27
1 28
1 29
1 30
1 31
1 32
1 33
1 34
1 35
1 36
1 37
1 38
1 39
1 40
1 41
1 42
1 43
1 44
1 45
1 46
1 47
1 48
1 49
1 50
1 51
1 52
1 53
1 54
1 55
1 56
1 57
1 58
1 59
1 60
1 61
1 62
1 63
1 64
1 65
1 66
1 67
1 68
1 69
1 70
1 71
1 72
1 73
1 74
1 75
1 76
1 77
1 78
1 79
1 80
1 81
1 82
1 83
1 84
1 85
1 86
1 87
1 88
1 89
1 90
1 91
1 92
1 93
1 94
1 95
1 96
1 97
1 98
1 99
1 100
2 126
2 197
2 181
2 180
2 199
2 192
2 175
2 193
2 182
2 168
2 142
2 153
2 139
2 118
2 117
2 108
2 132
2 186
2 135
2 110
2 179
2 125
2 184
2 146
2 131
2 129
2 148
2 183
2 144
2 187
2 177
2 130
2 156
3 199
3 129
3 144
3 160
3 153
3 143
3 176
3 134
3 155
3 140
3 149
4 130
4 149
4 188
4 178
4 146
4 120
4 179
5 157
5 115
5 144
5 171
5 180
5 133
5 175
5 150
5 145
5 165
5 104
5 191
5 164
5 182
5 121
5 127
5 125
5 185
5 153
5 192
5 198
5 194
5 114
5 186
5 147
5 107
5 170
5 179
5 189
5 140
5 173
5 108
5 134
5 136
5 128
5 137
5 146
5 139
5 102
5 190
5 181
5 120
5 168
5 131
5 119
6 139
6 125
6 193
6 161
6 191
6 154
6 123
6 145
6 183
6 101
6 190
6 197
6 114
6 185
6 131
6 188
6 119
6 195
6 110
6 199
6 128
7 164
7 149
7 192
7 194
7 162
7 105
7 140
7 114
7 165
7 191
7 172
7 118
7 159
7 101
7 113
7 188
7 110
7 173
7 198
7 126
7 115
7 177
7 146
7 137
7 143
7 145
7 157
7 186
7 144
7 117
7 184
7 130
8 194
8 145
8 139
8 186
8 128
8 193
8 142
8 158
8 124
8 131
8 103
8 151
8 190
8 163
8 107
8 137
8 102
8 184
8 134
8 183
8 117
8 188
8 196
8 156
8 162
8 150
8 105
8 111
8 166
8 127
8 109
9 120
9 144
9 176
9 175
9 107
9 128
9 140
9 134
9 158
9 196
9 127
9 119
9 152
9 160
9 159
9 117
9 182
9 197
9 141
9 105
9 187
9 135
9 129
9 185
9 156
9 137
9 199
9 171
9 121
9 186
9 122
9 116
9 132
9 106
9 189
9 102
9 136
9 114
9 143
9 109
9 130
9 190
9 126
9 115
9 147
9 153
9 184
9 164
10 121
10 194
10 139
10 154
10 111
10 149
10 166
10 159
10 119
10 106
10 177
10 118
10 167
10 172
10 186
10 197
10 122
10 114
10 107
10 165
10 145
10 192
10 180
10 189
11 111
11 187
11 117
12 192
12 117
12 190
12 155
12 115
12 154
12 156
12 172
12 110
12 185
12 105
12 168
12 194
12 184
12 198
12 138
12 160
12 120
12 170
12 148
12 146
12 132
12 199
12 188
12 133
12 125
12 181
12 103
12 127
12 126
12 139
12 111
12 113
12 182
12 109
12 153
12 186
12 144
12 143
12 137
13 121
13 113
13 104
13 152
13 191
13 148
13 101
13 147
13 105
13 197
13 170
13 102
13 162
13 161
13 186
13 194
13 166
13 115
13 125
13 157
13 138
13 103
13 196
13 108
13 153
13 111
13 195
13 193
13 133
13 198
13 120
13 158
13 149
13 155
13 180
13 179
13 109
13 192
13 167
13 126
13 127
13 124
13 119
13 137
14 187
14 152
14 160
14 115
14 134
14 181
14 114
14 185
14 193
14 158
14 180
14 135
14 133
14 179
14 128
14 108
14 191
14 188
15 110
15 103
15 155
15 121
15 147
15 117
15 177
15 187
15 170
15 145
15 142
15 132
15 186
15 184
15 174
15 113
15 109
15 143
15 136
15 159
15 105
15 141
15 198
15 106
15 124
15 102
15 139
15 196
15 134
15 194
15 178
15 156
15 148
16 102
16 191
16 174
16 101
16 123
16 113
17 101
17 164
17 118
17 147
17 172
17 170
17 129
17 114
17 152
17 199
17 194
17 189
17 181
17 165
17 103
17 173
17 158
17 195
17 198
17 115
17 177
17 196
17 138
17 140
17 123
17 183
17 146
17 176
17 175
17 182
17 151
17 184
17 191
17 108
17 160
17 117
17 110
17 155
17 109
17 159
17 104
17 136
17 126
17 163
17 162
17 193
17 112
17 178
17 125
17 192
18 139
18 181
18 101
18 173
18 110
18 157
18 175
18 148
18 108
18 188
18 177
18 123
18 145
18 172
18 120
18 116
18 150
18 136
18 104
18 158
18 138
18 159
18 106
18 144
18 165
18 155
18 118
18 152
18 166
18 183
18 129
18 184
18 112
18 141
18 160
18 111
18 134
18 168
18 185
18 180
18 169
18 125
18 115
18 109
18 107
18 142
18 153
19 162
19 113
19 156
19 161
19 174
19 134
19 141
19 107
19 194
19 197
19 135
19 131
19 176
19 117
19 101
19 145
19 146
19 192
19 148
19 196
19 181
19 164
19 199
19 177
19 140
19 130
19 106
19 127
19 157
19 111
19 179
19 168
19 175
19 102
19 169
19 126
19 163
19 160
19 124
19 122
19 182
19 165
19 152
19 128
20 112
21 149
21 162
21 138
21 155
21 185
21 193
21 160
21 140
21 182
21 150
21 156
21 172
21 199
21 184
21 174
21 163
21 127
21 181
21 159
21 152
21 177
21 186
21 183
21 131
21 169
21 154
21 146
21 197
22 181
22 147
22 172
22 163
22 199
22 105
22 153
22 150
22 120
22 102
22 115
22 106
22 145
22 127
22 170
22 184
22 143
22 133
22 144
22 138
22 197
22 158
22 178
22 129
22 189
22 157
22 168
22 179
22 130
22 146
22 160
22 112
22 125
22 166
22 114
22 137
22 132
23 127
23 189
23 167
23 187
23 169
23 161
23 112
23 192
23 143
23 141
23 130
23 131
23 160
23 128
23 150
23 163
23 165
23 199
23 103
23 183
23 129
23 162
23 124
23 121
23 151
23 106
23 180
23 148
23 178
23 145
23 179
23 137
23 154
23 164
23 156
23 118
23 107
23 170
23 108
23 177
23 139
23 185
23 174
23 116
23 181
23 142
23 134
23 197
24 109
24 115
24 163
24 180
24 186
24 193
24 161
24 158
24 104
24 197
24 181
24 144
24 188
24 126
24 189
24 102
24 176
24 129
24 116
24 177
24 195
25 169
25 187
25 124
25 114
25 149
25 155
25 119
25 172
25 128
25 109
25 168
25 108
25 147
25 102
25 126
25 192
25 105
25 143
25 191
25 152
25 141
25 165
25 120
25 197
25 157
25 195
25 112
25 199
25 176
25 181
25 175
25 184
25 113
25 196
25 135
25 193
25 183
25 138
25 146
25 106
25 104
25 115
25 194
25 111
26 143
26 167
26 113
26 185
26 149
26 174
26 184
26 110
26 120
26 129
26 111
26 151
26 172
26 125
26 112
26 148
26 118
26 176
26 102
26 154
26 141
27 137
27 165
27 172
27 160
27 178
27 161
27 148
27 102
27 109
28 189
28 140
28 174
28 170
28 145
28 172
28 163
28 108
29 133
30 104
30 147
30 183
30 152
30 155
30 185
30 173
30 179
30 131
30 124
30 146
30 108
30 182
30 107
31 148
31 143
31 162
31 156
31 126
31 123
31 138
31 124
31 144
31 185
31 172
31 112
31 183
31 137
31 190
31 116
31 192
31 114
31 107
31 163
31 176
31 108
31 151
31 166
31 157
31 147
31 169
31 178
31 149
31 117
31 177
31 154
31 104
31 131
31 184
31 145
31 125
31 171
31 135
31 153
31 129
31 186
31 180
31 155
31 139
31 194
31 150
31 182
31 198
32 151
32 176
32 177
32 141
32 173
32 127
32 181
32 162
32 188
33 186
33 183
33 113
33 120
33 151
33 110
33 163
33 176
33 190
33 102
33 166
33 171
33 147
34 108
34 190
34 189
34 162
34 148
34 133
34 113
34 105
34 176
34 122
34 118
34 151
34 129
34 198
34 157
35 168
35 133
35 154
35 164
35 112
35 130
36 126
36 181
36 172
36 180
36 182
36 196
36 165
36 134
36 133
36 184
36 132
36 111
36 143
36 161
36 157
36 105
36 199
36 198
36 162
36 115
36 101
36 191
36 118
36 102
36 141
36 103
36 119
36 122
36 130
36 178
36 185
36 166
36 112
36 170
36 146
36 145
36 189
36 117
36 154
36 110
36 147
36 135
36 149
36 160
36 138
36 109
36 144
36 120
37 126
38 168
38 189
38 160
38 180
38 114
38 184
38 172
38 152
38 101
39 180
39 178
39 140
39 159
39 102
39 189
39 101
39 148
39 114
39 122
39 131
39 172
39 139
39 135
39 105
39 173
39 152
39 109
39 165
39 120
39 167
39 186
39 142
39 155
39 124
39 134
39 119
39 123
39 194
39 125
39 193
39 192
39 115
39 174
39 166
39 146
40 118
40 140
40 107
40 114
40 132
40 194
40 110
40 178
40 154
40 189
40 185
40 173
40 112
40 157
40 191
40 174
40 148
40 182
40 115
40 145
40 186
40 161
40 153
40 169
40 193
40 126
40 165
40 135
40 176
41 132
41 174
41 184
41 142
41 106
41 135
41 161
41 101
41 104
41 107
41 169
41 166
41 188
41 112
41 137
41 114
41 151
41 109
41 191
41 154
41 116
41 172
41 102
41 156
41 195
41 123
41 130
41 185
41 131
41 140
41 120
41 127
41 108
41 187
41 105
41 175
41 144
41 190
41 128
41 193
41 192
41 162
41 138
41 125
41 165
41 170
41 199
42 146
42 124
42 180
42 174
42 140
42 197
42 154
42 148
42 121
42 170
42 109
42 198
42 150
42 162
42 191
42 118
42 149
42 168
42 141
42 155
42 139
42 103
42 134
42 142
42 116
42 161
42 195
42 185
42 175
42 126
42 106
42 102
42 138
42 159
42 128
42 199
42 184
42 179
42 133
42 132
42 160
42 189
42 183
42 115
42 145
42 181
42 186
42 171
42 169
43 150
43 124
43 192
43 129
43 113
43 128
43 187
43 123
43 140
43 186
43 135
43 167
43 181
43 119
43 196
43 152
43 191
43 151
43 149
43 168
43 158
43 125
43 130
43 116
43 103
43 182
43 142
43 165
43 175
43 153
43 101
43 102
43 180
44 129
44 138
44 173
44 141
44 182
44 124
44 186
44 194
44 165
44 189
44 155
44 135
44 149
44 176
44 127
44 168
44 117
44 196
44 172
44 153
44 101
44 111
44 161
44 139
44 113
44 136
44 197
44 187
44 145
44 171
44 179
44 137
44 166
45 163
45 143
45 160
45 167
45 158
45 174
45 111
45 131
45 184
45 148
45 135
45 161
45 199
45 145
45 125
45 138
45 171
45 185
45 169
45 133
45 114
45 134
45 144
45 164
45 101
45 132
45 119
45 154
46 190
46 116
46 158
46 161
46 138
47 121
47 155
47 147
47 168
47 186
47 162
47 106
47 150
47 140
47 184
47 126
47 160
47 130
47 164
47 134
47 185
47 149
47 138
47 146
47 195
48 165
48 145
48 164
48 113
48 157
48 158
48 116
48 193
48 115
48 179
48 142
48 147
48 163
48 156
48 122
48 180
48 191
48 136
48 160
48 149
48 182
48 102
48 174
48 171
48 162
48 186
48 128
48 187
48 107
48 109
48 138
48 167
48 101
48 106
48 117
48 141
48 131
48 184
48 119
48 173
48 190
48 188
48 154
48 185
48 140
48 199
49 150
49 141
49 153
49 102
49 188
49 130
49 195
49 175
49 120
49 117
49 147
49 189
49 183
49 155
49 129
49 156
49 182
49 181
49 143
49 116
49 191
49 178
49 165
49 158
49 118
49 127
49 164
49 114
49 121
49 107
49 194
49 174
49 196
49 103
49 140
49 106
49 159
49 125
49 109
49 146
49 139
49 126
49 170
49 149
49 167
49 145
49 151
50 138
51 132
51 123
51 129
51 172
51 193
51 127
51 139
51 149
51 110
51 115
51 154
51 185
51 145
51 150
51 137
51 113
51 153
51 181
51 188
52 115
52 106
52 111
52 110
52 163
52 187
52 167
52 153
52 165
52 120
52 171
52 172
52 156
53 171
53 181
53 168
53 173
53 159
53 105
53 117
53 138
53 129
53 122
53 190
53 176
53 183
53 179
53 162
53 109
53 174
53 191
53 157
54 163
54 174
54 116
54 136
54 147
54 176
54 165
54 113
54 149
54 117
54 185
54 103
54 158
54 141
54 133
54 144
54 118
54 168
54 106
54 108
54 112
54 126
54 134
54 183
54 193
54 128
54 198
54 153
55 126
55 190
55 110
55 117
55 188
55 149
55 151
55 195
55 164
55 158
55 192
55 159
55 155
55 161
55 156
55 198
55 106
55 177
55 162
55 175
55 174
55 141
55 184
55 194
55 137
55 146
55 121
55 101
55 109
55 119
55 139
55 152
55 128
55 179
55 171
55 116
55 165
55 147
55 105
55 107
56 144
56 167
56 105
56 101
56 191
56 199
56 109
56 139
56 161
56 151
56 198
56 181
56 196
56 152
56 192
56 179
56 189
56 193
56 138
56 156
56 178
56 116
56 128
56 132
56 176
56 190
56 117
56 124
56 177
56 185
56 184
56 126
57 173
57 131
57 136
57 128
57 106
57 147
57 111
57 159
57 142
57 169
57 145
57 174
57 161
57 188
57 163
57 116
57 195
57 126
57 164
57 123
57 151
57 115
57 148
57 120
57 134
57 180
57 153
57 104
57 125
57 121
57 130
57 109
57 189
57 187
57 182
57 119
57 185
57 184
57 107
57 135
57 139
57 191
57 132
57 137
57 199
57 170
57 172
57 101
57 138
58 119
58 103
58 162
58 179
58 123
58 114
58 196
58 192
58 156
58 125
58 140
58 135
58 188
58 174
58 117
58 121
58 101
58 171
58 184
58 132
58 141
58 136
58 130
58 199
58 186
58 118
58 146
58 180
58 109
58 169
58 133
58 181
58 195
58 164
58 147
58 168
58 175
58 115
58 107
59 151
59 148
59 173
59 110
59 130
59 144
59 155
59 122
59 192
59 103
59 174
59 183
60 131
60 127
60 115
60 124
60 136
60 111
60 118
60 157
60 156
60 122
60 117
60 186
60 129
60 181
60 192
60 162
60 174
60 139
60 177
60 199
60 159
60 142
60 173
60 102
60 164
60 133
60 195
60 126
60 113
60 138
60 128
60 145
60 160
60 104
60 191
60 105
60 106
60 149
60 163
60 141
60 169
60 184
60 182
60 170
60 146
60 152
60 103
60 172
60 178
61 118
61 107
61 145
61 155
61 167
61 184
61 109
61 125
61 165
61 106
61 182
61 153
61 134
61 199
61 108
61 178
61 124
61 112
61 128
61 189
61 123
61 140
61 150
61 126
61 168
61 169
61 188
61 105
61 139
62 104
63 107
63 178
63 127
63 139
63 134
63 161
63 149
63 114
63 183
63 167
63 111
63 165
63 108
63 143
64 161
64 159
64 155
64 110
64 129
64 191
64 190
64 153
65 149
65 146
65 110
65 185
65 137
65 109
65 187
65 116
65 158
65 119
65 133
65 181
65 142
65 113
65 128
65 195
65 196
65 161
65 186
65 127
65 102
65 173
65 192
65 124
65 193
65 180
65 178
65 144
66 110
66 178
66 166
66 153
66 103
66 184
66 113
66 145
66 169
66 112
66 175
66 151
66 108
66 191
66 140
66 195
66 143
66 182
66 142
67 114
67 163
67 154
67 110
67 167
67 194
67 119
68 137
68 105
68 109
68 145
68 151
68 167
68 138
68 106
68 131
69 146
69 142
69 119
69 104
69 150
69 183
69 187
69 148
69 155
69 189
69 170
69 147
69 180
69 182
69 175
69 152
69 143
69 167
69 105
69 173
69 151
70 156
70 165
70 120
70 116
70 175
70 123
70 190
70 163
70 162
70 176
70 155
70 177
70 197
70 168
70 136
70 135
70 104
70 127
70 103
70 128
70 117
70 181
70 188
70 130
70 172
70 183
70 107
70 180
70 170
70 169
70 101
70 189
70 171
70 140
70 141
70 154
70 119
70 148
70 142
70 178
70 109
70 139
70 124
70 182
70 137
70 122
70 114
70 131
70 160
71 126
71 114
72 106
72 120
72 139
72 182
72 189
72 157
72 101
72 166
72 169
72 177
72 181
72 197
72 178
72 190
72 174
73 194
73 132
73 128
73 157
73 137
73 173
73 188
73 174
73 153
73 169
73 123
73 167
73 121
73 159
73 144
73 111
73 150
73 190
73 161
73 142
73 152
73 160
73 113
73 107
73 198
73 141
73 168
73 135
73 134
73 114
73 166
73 175
73 102
73 195
73 155
73 125
73 122
73 184
73 105
74 127
74 167
74 149
74 116
74 197
74 199
74 160
74 117
74 153
74 152
74 168
74 129
74 174
74 185
74 178
74 109
74 194
74 146
74 159
74 169
74 131
74 183
74 172
74 101
74 120
74 177
74 173
74 180
74 163
74 161
74 141
74 104
74 175
74 165
74 108
74 134
74 186
74 103
75 131
75 119
75 129
75 191
75 180
75 190
75 165
75 115
75 172
75 139
75 188
75 183
75 130
76 169
76 159
76 127
76 152
76 165
76 120
76 149
76 198
76 183
76 103
76 138
76 139
76 164
76 177
76 129
76 143
76 117
76 137
76 187
76 191
76 123
76 153
76 189
76 186
77 162
77 138
77 143
77 132
77 126
77 105
77 193
77 118
77 189
77 173
77 141
77 113
77 180
77 101
77 129
77 198
77 169
77 161
77 127
77 115
78 149
78 153
78 103
78 124
78 168
78 113
78 115
78 178
78 185
78 163
78 180
78 158
78 161
78 166
78 198
78 162
78 191
78 111
78 181
78 133
78 146
78 165
78 156
78 102
78 144
78 137
78 121
78 134
78 128
78 192
78 114
78 125
78 126
78 167
78 129
78 196
78 147
78 136
78 186
79 192
79 199
79 121
79 130
79 164
79 145
79 124
79 146
79 160
79 108
79 175
79 165
79 141
79 128
79 195
79 190
79 183
79 129
79 173
79 179
80 196
80 125
80 191
80 139
80 197
80 138
80 118
80 110
80 134
80 102
80 130
80 128
80 127
80 171
80 136
80 189
80 163
80 143
80 180
80 105
80 103
80 166
80 155
80 123
80 147
80 131
80 146
80 172
80 148
80 195
80 174
81 143
81 130
81 192
81 144
81 104
81 116
81 163
81 172
81 126
81 165
81 137
81 123
81 117
81 131
81 187
81 178
81 139
81 153
81 108
81 198
81 158
81 199
81 148
81 164
81 195
81 107
81 161
81 190
81 133
81 193
81 185
81 170
81 106
81 102
81 171
81 110
81 182
81 119
81 121
81 156
81 175
82 130
82 161
82 134
82 193
82 170
82 147
82 174
82 191
82 108
82 120
82 129
82 155
82 151
82 165
82 153
83 125
83 155
83 176
83 124
83 127
83 158
83 186
83 159
83 153
83 129
83 107
83 172
83 152
83 111
83 117
83 199
83 132
83 120
83 178
83 116
83 133
83 194
83 167
83 137
83 170
83 177
83 196
83 145
83 105
83 114
83 164
83 169
83 141
83 142
83 143
83 118
83 165
84 189
84 130
84 132
84 105
84 169
84 156
84 122
84 162
84 112
84 149
84 108
84 191
84 150
84 183
84 167
84 147
84 118
84 106
85 195
85 122
85 180
85 118
85 126
85 148
85 156
85 141
85 125
85 130
85 189
85 174
85 115
86 174
86 188
86 149
86 171
86 178
86 126
86 167
86 107
86 154
86 105
86 142
86 109
86 130
86 150
86 190
86 151
86 140
86 157
86 132
86 138
86 147
86 143
86 120
86 137
87 110
87 158
87 159
87 164
87 144
87 156
87 179
87 186
87 189
87 135
87 162
87 142
87 126
87 149
87 182
87 107
87 111
87 112
87 168
87 148
87 175
87 174
87 196
87 165
87 193
87 161
87 151
87 155
87 109
87 132
87 157
87 128
87 178
87 152
87 127
87 115
87 137
87 160
87 199
87 167
87 154
87 197
87 190
87 146
88 191
88 139
88 147
88 120
88 187
88 117
88 113
88 158
88 116
88 150
88 170
88 160
88 137
88 142
88 127
88 167
88 109
88 185
88 132
88 161
88 192
88 140
88 123
88 138
88 179
88 180
88 135
88 146
88 174
88 156
88 108
88 115
88 198
88 145
88 102
88 189
88 166
89 110
89 180
89 199
89 127
89 107
89 141
89 129
89 114
89 142
89 186
89 188
89 151
90 165
90 180
90 186
90 161
90 187
90 121
90 119
90 133
90 117
91 102
91 186
91 176
91 177
91 184
91 190
91 174
91 169
91 108
92 199
92 153
92 186
92 178
92 157
92 128
92 168
92 113
92 141
92 151
92 161
92 171
92 140
92 137
92 170
92 190
92 181
92 110
92 114
92 155
92 146
92 135
92 195
92 111
92 136
92 182
92 192
92 116
92 156
92 154
92 163
92 133
92 169
92 166
92 102
92 165
92 185
92 167
92 152
92 112
92 134
92 177
92 120
92 121
92 193
92 180
92 139
92 131
93 191
93 174
93 115
93 167
93 105
93 108
93 124
93 155
93 183
93 179
93 112
93 196
94 199
94 182
94 146
94 196
94 193
94 106
95 189
95 158
95 110
95 188
96 170
97 189
97 148
97 118
97 123
97 144
97 102
97 177
97 107
97 181
97 119
97 139
97 103
97 135
97 156
97 157
98 104
98 128
99 127
99 189
99 102
99 144
99 170
99 157
99 194
99 156
99 150
99 103
99 171
99 196
99 115
99 152
99 153
99 159
99 109
99 155
99 167
99 107
99 134
99 143
99 164
99 117
99 188
99 163
99 145
99 136
99 126
99 173
99 132
99 149
99 125
99 147
99 180
99 128
99 141
99 146
99 121
99 162
100 127
100 171
100 132
100 164
100 110
100 155
100 128
100 125
100 188
100 193
100 186
100 172
100 106
100 102
100 163
100 137
101 200
102 200
103 200
104 200
105 200
106 200
107 200
108 200
109 200
110 200
111 200
112 200
113 200
114 200
115 200
116 200
117 200
118 200
119 200
120 200
121 200
122 200
123 200
124 200
125 200
126 200
127 200
128 200
129 200
130 200
131 200
132 200
133 200
134 200
135 200
136 200
137 200
138 200
139 200
140 200
141 200
142 200
143 200
144 200
145 200
146 200
147 200
148 200
149 200
150 200
151 200
152 200
153 200
154 200
155 200
156 200
157 200
158 200
159 200
160 200
161 200
162 200
163 200
164 200
165 200
166 200
167 200
168 200
169 200
170 200
171 200
172 200
173 200
174 200
175 200
176 200
177 200
178 200
179 200
180 200
181 200
182 200
183 200
184 200
185 200
186 200
187 200
188 200
189 200
190 200
191 200
192 200
193 200
194 200
195 200
196 200
197 200
198 200
199 200
