100
1 14
1 18
1 35
1 37
1 48
1 54
1 61
1 68
1 82
1 88
1 100
2 7
2 12
2 14
2 15
2 17
2 19
2 24
2 34
2 36
2 39
2 40
2 47
2 51
2 54
2 61
2 78
2 83
2 84
2 95
2 96
3 7
3 8
3 33
3 35
3 38
3 42
3 50
3 60
3 70
3 78
3 81
3 82
3 84
3 85
3 94
4 6
4 8
4 15
4 24
4 25
4 30
4 45
4 49
4 52
4 57
4 60
4 63
4 69
4 80
4 89
4 94
4 100
5 9
5 10
5 12
5 20
5 38
5 41
5 45
5 56
5 60
5 64
5 68
5 70
5 76
5 77
5 88
5 91
5 100
6 9
6 17
6 18
6 19
6 30
6 33
6 43
6 45
6 47
6 53
6 57
6 60
6 65
6 68
6 72
6 80
6 82
6 84
6 91
6 99
7 16
7 23
7 29
7 54
7 56
7 59
7 69
7 74
7 86
8 9
8 12
8 36
8 37
8 49
8 50
8 53
8 54
8 58
8 64
8 72
8 82
8 92
8 96
9 19
9 33
9 39
9 42
9 54
9 55
9 61
9 68
9 73
9 74
9 76
9 78
9 83
9 97
10 15
10 19
10 22
10 23
10 38
10 41
10 51
10 55
10 65
10 75
10 83
10 93
10 94
10 100
11 44
11 51
11 55
11 57
11 68
11 69
11 72
12 24
12 40
12 42
12 50
12 68
12 71
12 84
12 87
12 92
12 93
12 96
12 99
13 18
13 21
13 26
13 30
13 34
13 44
13 45
13 48
13 61
13 69
13 70
13 77
13 79
13 83
13 92
13 96
14 24
14 39
14 49
14 57
14 61
14 74
14 80
14 84
14 92
14 96
14 98
14 99
15 17
15 21
15 23
15 30
15 32
15 40
15 56
15 63
15 69
15 72
15 74
15 95
16 17
16 23
16 26
16 28
16 37
16 40
16 46
16 49
16 60
16 73
16 84
16 93
17 25
17 38
17 42
17 49
17 55
17 60
17 65
17 67
17 70
17 74
17 91
17 94
18 19
18 22
18 42
18 51
18 55
18 58
18 72
18 85
19 25
19 27
19 32
19 37
19 68
19 71
19 74
19 76
19 84
19 95
19 96
20 25
20 26
20 30
20 34
20 37
20 40
20 41
20 43
20 44
20 47
20 48
20 54
20 66
20 69
20 75
20 76
20 78
20 80
20 87
20 88
20 93
20 96
20 100
21 22
21 37
21 39
21 76
21 77
21 90
22 29
22 34
22 39
22 44
22 85
22 86
22 87
22 90
22 99
23 29
23 41
23 50
23 51
23 57
23 63
23 70
23 71
23 75
23 80
23 85
23 92
24 25
24 27
24 32
24 38
24 39
24 41
24 48
24 60
24 62
24 63
24 69
24 83
24 94
25 30
25 43
25 63
25 66
25 70
25 96
26 33
26 35
26 38
26 47
26 48
26 53
26 55
26 58
26 64
26 65
26 70
26 72
26 77
26 86
26 91
26 99
27 30
27 37
27 45
27 46
27 47
27 56
27 73
27 80
27 83
27 86
27 90
27 91
28 37
28 39
28 42
28 47
28 50
28 51
28 54
28 75
28 84
28 87
28 94
29 33
29 42
29 45
29 47
29 67
29 75
29 83
29 85
29 88
29 97
29 99
30 36
30 38
30 55
30 72
31 43
31 50
31 51
31 57
31 59
31 61
31 62
31 69
31 82
31 85
31 88
31 89
31 92
31 96
32 44
32 49
32 50
32 52
32 58
32 59
32 62
32 63
32 64
32 71
32 76
32 81
32 83
32 85
32 86
32 89
32 100
33 39
33 41
33 44
33 48
33 61
33 62
33 66
33 67
33 68
33 69
33 79
33 90
33 99
34 43
34 44
34 45
34 52
34 64
34 76
34 86
34 90
34 94
35 50
35 55
35 58
35 60
36 38
36 42
36 50
36 53
36 78
36 82
36 87
36 89
36 90
36 97
37 42
37 60
37 65
37 67
37 82
37 83
37 95
38 41
38 48
38 52
38 77
38 95
38 97
39 46
39 48
39 56
39 69
39 72
39 99
40 42
40 53
40 55
40 72
40 85
40 87
41 45
41 61
41 83
42 43
42 46
42 48
42 54
42 58
42 59
42 64
42 66
42 67
42 70
42 72
42 73
42 79
42 89
43 47
43 54
43 57
43 65
43 67
43 70
43 75
43 85
43 91
44 48
44 52
44 55
44 60
44 64
44 65
44 68
44 76
44 86
45 47
45 48
45 51
45 57
45 58
45 65
45 69
45 70
45 78
45 83
45 84
45 89
45 98
46 52
46 54
46 55
46 56
46 67
46 71
46 78
46 87
46 88
46 91
47 51
47 53
47 56
47 58
47 70
47 72
47 79
47 82
47 93
47 96
47 97
47 98
47 100
48 66
48 82
48 85
48 87
48 95
48 97
49 58
49 69
49 76
49 80
49 82
49 86
49 87
49 94
49 96
50 64
50 72
50 74
50 79
50 90
50 94
50 95
50 100
51 54
51 56
51 59
51 60
51 62
51 67
51 72
51 85
51 94
52 66
52 78
52 91
52 92
52 94
52 95
53 66
53 76
53 80
53 81
53 85
53 87
53 97
54 61
54 64
54 67
54 81
54 90
54 92
54 95
54 99
55 67
55 71
55 78
56 61
56 69
56 84
56 98
57 62
57 84
57 90
57 96
57 97
58 62
58 63
58 73
58 83
58 91
59 67
59 69
59 71
59 77
59 81
59 85
59 86
59 96
60 62
60 68
60 73
60 75
60 82
60 84
60 95
61 62
61 74
61 77
61 79
61 84
61 86
61 95
61 100
62 64
62 78
62 85
62 87
62 88
62 98
63 64
63 67
63 81
63 85
63 88
63 97
63 100
64 74
64 76
64 79
64 82
64 95
64 98
64 100
65 68
65 76
65 77
65 82
66 68
66 69
66 76
66 86
66 96
67 92
67 97
68 87
68 89
68 94
68 100
69 75
69 85
69 86
69 87
69 92
70 78
70 79
70 80
70 81
70 93
70 99
71 78
71 82
71 85
71 96
71 98
71 99
72 81
72 82
72 86
72 96
72 99
73 76
73 85
73 86
73 92
73 96
74 89
75 77
75 82
75 88
75 92
76 81
77 85
77 91
77 96
77 98
78 81
78 87
78 88
78 98
80 84
80 88
80 89
80 90
80 94
81 82
81 84
81 95
82 83
82 84
82 98
82 99
83 84
83 92
83 100
84 87
84 93
84 96
85 87
85 88
87 95
87 100
88 91
88 98
88 99
89 92
89 93
90 95
90 98
90 100
92 99
93 100
94 96
95 99
